max_depth	min_split	cp	minbucket	ganancia_promedio
4	1000	-1.5	800	48308000
4	1000	-1	800	48308000
4	1000	-0.5	800	48308000
4	1000	0	800	0
4	1000	0.5	800	0
4	1000	1	800	0
4	1000	1.5	800	0
4	1000	2	800	0
4	1000	-1.5	750	48508000
4	1000	-1	750	48508000
4	1000	-0.5	750	48508000
4	1000	0	750	0
4	1000	0.5	750	0
4	1000	1	750	0
4	1000	1.5	750	0
4	1000	2	750	0
4	1000	-1.5	500	49052000
4	1000	-1	500	49052000
4	1000	-0.5	500	49052000
4	1000	0	500	0
4	1000	0.5	500	0
4	1000	1	500	0
4	1000	1.5	500	0
4	1000	2	500	0
4	1000	-1.5	250	46750000
4	1000	-1	250	46750000
4	1000	-0.5	250	46750000
4	1000	0	250	0
4	1000	0.5	250	0
4	1000	1	250	0
4	1000	1.5	250	0
4	1000	2	250	0
4	1000	-1.5	200	46558000
4	1000	-1	200	46558000
4	1000	-0.5	200	46558000
4	1000	0	200	0
4	1000	0.5	200	0
4	1000	1	200	0
4	1000	1.5	200	0
4	1000	2	200	0
4	800	-1.5	640	48652000
4	800	-1	640	48652000
4	800	-0.5	640	48652000
4	800	0	640	0
4	800	0.5	640	0
4	800	1	640	0
4	800	1.5	640	0
4	800	2	640	0
4	800	-1.5	600	48896000
4	800	-1	600	48896000
4	800	-0.5	600	48896000
4	800	0	600	0
4	800	0.5	600	0
4	800	1	600	0
4	800	1.5	600	0
4	800	2	600	0
4	800	-1.5	400	46712000
4	800	-1	400	46712000
4	800	-0.5	400	46712000
4	800	0	400	0
4	800	0.5	400	0
4	800	1	400	0
4	800	1.5	400	0
4	800	2	400	0
4	800	-1.5	200	46558000
4	800	-1	200	46558000
4	800	-0.5	200	46558000
4	800	0	200	0
4	800	0.5	200	0
4	800	1	200	0
4	800	1.5	200	0
4	800	2	200	0
4	800	-1.5	160	46942000
4	800	-1	160	46942000
4	800	-0.5	160	46942000
4	800	0	160	0
4	800	0.5	160	0
4	800	1	160	0
4	800	1.5	160	0
4	800	2	160	0
4	600	-1.5	480	49052000
4	600	-1	480	49052000
4	600	-0.5	480	49052000
4	600	0	480	0
4	600	0.5	480	0
4	600	1	480	0
4	600	1.5	480	0
4	600	2	480	0
4	600	-1.5	450	49052000
4	600	-1	450	49052000
4	600	-0.5	450	49052000
4	600	0	450	0
4	600	0.5	450	0
4	600	1	450	0
4	600	1.5	450	0
4	600	2	450	0
4	600	-1.5	300	46452000
4	600	-1	300	46452000
4	600	-0.5	300	46452000
4	600	0	300	0
4	600	0.5	300	0
4	600	1	300	0
4	600	1.5	300	0
4	600	2	300	0
4	600	-1.5	150	46736000
4	600	-1	150	46736000
4	600	-0.5	150	46736000
4	600	0	150	0
4	600	0.5	150	0
4	600	1	150	0
4	600	1.5	150	0
4	600	2	150	0
4	600	-1.5	120	48486000
4	600	-1	120	48486000
4	600	-0.5	120	48486000
4	600	0	120	0
4	600	0.5	120	0
4	600	1	120	0
4	600	1.5	120	0
4	600	2	120	0
4	400	-1.5	320	46438000
4	400	-1	320	46438000
4	400	-0.5	320	46438000
4	400	0	320	0
4	400	0.5	320	0
4	400	1	320	0
4	400	1.5	320	0
4	400	2	320	0
4	400	-1.5	300	46452000
4	400	-1	300	46452000
4	400	-0.5	300	46452000
4	400	0	300	0
4	400	0.5	300	0
4	400	1	300	0
4	400	1.5	300	0
4	400	2	300	0
4	400	-1.5	200	46264000
4	400	-1	200	46264000
4	400	-0.5	200	46264000
4	400	0	200	0
4	400	0.5	200	0
4	400	1	200	0
4	400	1.5	200	0
4	400	2	200	0
4	400	-1.5	100	47862000
4	400	-1	100	47862000
4	400	-0.5	100	47862000
4	400	0	100	0
4	400	0.5	100	0
4	400	1	100	0
4	400	1.5	100	0
4	400	2	100	0
4	400	-1.5	80	47270000
4	400	-1	80	47270000
4	400	-0.5	80	47270000
4	400	0	80	0
4	400	0.5	80	0
4	400	1	80	0
4	400	1.5	80	0
4	400	2	80	0
4	200	-1.5	160	46148000
4	200	-1	160	46148000
4	200	-0.5	160	46148000
4	200	0	160	0
4	200	0.5	160	0
4	200	1	160	0
4	200	1.5	160	0
4	200	2	160	0
4	200	-1.5	150	46736000
4	200	-1	150	46736000
4	200	-0.5	150	46736000
4	200	0	150	0
4	200	0.5	150	0
4	200	1	150	0
4	200	1.5	150	0
4	200	2	150	0
4	200	-1.5	100	47862000
4	200	-1	100	47862000
4	200	-0.5	100	47862000
4	200	0	100	0
4	200	0.5	100	0
4	200	1	100	0
4	200	1.5	100	0
4	200	2	100	0
4	200	-1.5	50	47362000
4	200	-1	50	47362000
4	200	-0.5	50	47362000
4	200	0	50	0
4	200	0.5	50	0
4	200	1	50	0
4	200	1.5	50	0
4	200	2	50	0
4	200	-1.5	40	47368000
4	200	-1	40	47368000
4	200	-0.5	40	47368000
4	200	0	40	7476000
4	200	0.5	40	0
4	200	1	40	0
4	200	1.5	40	0
4	200	2	40	0
4	100	-1.5	80	47270000
4	100	-1	80	47270000
4	100	-0.5	80	47270000
4	100	0	80	0
4	100	0.5	80	0
4	100	1	80	0
4	100	1.5	80	0
4	100	2	80	0
4	100	-1.5	75	47298000
4	100	-1	75	47298000
4	100	-0.5	75	47298000
4	100	0	75	0
4	100	0.5	75	0
4	100	1	75	0
4	100	1.5	75	0
4	100	2	75	0
4	100	-1.5	50	47362000
4	100	-1	50	47362000
4	100	-0.5	50	47362000
4	100	0	50	0
4	100	0.5	50	0
4	100	1	50	0
4	100	1.5	50	0
4	100	2	50	0
4	100	-1.5	25	47238000
4	100	-1	25	47238000
4	100	-0.5	25	47238000
4	100	0	25	7476000
4	100	0.5	25	0
4	100	1	25	0
4	100	1.5	25	0
4	100	2	25	0
4	100	-1.5	20	47254000
4	100	-1	20	47254000
4	100	-0.5	20	47254000
4	100	0	20	15976000
4	100	0.5	20	0
4	100	1	20	0
4	100	1.5	20	0
4	100	2	20	0
4	50	-1.5	40	47386000
4	50	-1	40	47386000
4	50	-0.5	40	47386000
4	50	0	40	14808000
4	50	0.5	40	0
4	50	1	40	0
4	50	1.5	40	0
4	50	2	40	0
4	50	-1.5	37	47392000
4	50	-1	37	47392000
4	50	-0.5	37	47392000
4	50	0	37	14808000
4	50	0.5	37	0
4	50	1	37	0
4	50	1.5	37	0
4	50	2	37	0
4	50	-1.5	25	47326000
4	50	-1	25	47326000
4	50	-0.5	25	47326000
4	50	0	25	14808000
4	50	0.5	25	0
4	50	1	25	0
4	50	1.5	25	0
4	50	2	25	0
4	50	-1.5	12	47228000
4	50	-1	12	47228000
4	50	-0.5	12	47228000
4	50	0	12	30782000
4	50	0.5	12	0
4	50	1	12	0
4	50	1.5	12	0
4	50	2	12	0
4	50	-1.5	10	46750000
4	50	-1	10	46750000
4	50	-0.5	10	46750000
4	50	0	10	30672000
4	50	0.5	10	0
4	50	1	10	0
4	50	1.5	10	0
4	50	2	10	0
4	20	-1.5	16	47228000
4	20	-1	16	47228000
4	20	-0.5	16	47228000
4	20	0	16	30782000
4	20	0.5	16	0
4	20	1	16	0
4	20	1.5	16	0
4	20	2	16	0
4	20	-1.5	15	47228000
4	20	-1	15	47228000
4	20	-0.5	15	47228000
4	20	0	15	30782000
4	20	0.5	15	0
4	20	1	15	0
4	20	1.5	15	0
4	20	2	15	0
4	20	-1.5	10	46750000
4	20	-1	10	46750000
4	20	-0.5	10	46750000
4	20	0	10	30672000
4	20	0.5	10	0
4	20	1	10	0
4	20	1.5	10	0
4	20	2	10	0
4	20	-1.5	5	46330000
4	20	-1	5	46330000
4	20	-0.5	5	46330000
4	20	0	5	38410000
4	20	0.5	5	0
4	20	1	5	0
4	20	1.5	5	0
4	20	2	5	0
4	20	-1.5	4	46330000
4	20	-1	4	46330000
4	20	-0.5	4	46330000
4	20	0	4	38410000
4	20	0.5	4	0
4	20	1	4	0
4	20	1.5	4	0
4	20	2	4	0
4	10	-1.5	8	46750000
4	10	-1	8	46750000
4	10	-0.5	8	46750000
4	10	0	8	30672000
4	10	0.5	8	0
4	10	1	8	0
4	10	1.5	8	0
4	10	2	8	0
4	10	-1.5	7	46528000
4	10	-1	7	46528000
4	10	-0.5	7	46528000
4	10	0	7	30672000
4	10	0.5	7	0
4	10	1	7	0
4	10	1.5	7	0
4	10	2	7	0
4	10	-1.5	5	46330000
4	10	-1	5	46330000
4	10	-0.5	5	46330000
4	10	0	5	38410000
4	10	0.5	5	0
4	10	1	5	0
4	10	1.5	5	0
4	10	2	5	0
4	10	-1.5	2	46330000
4	10	-1	2	46330000
4	10	-0.5	2	46330000
4	10	0	2	38410000
4	10	0.5	2	0
4	10	1	2	0
4	10	1.5	2	0
4	10	2	2	0
6	1000	-1.5	800	49760000
6	1000	-1	800	49760000
6	1000	-0.5	800	49760000
6	1000	0	800	0
6	1000	0.5	800	0
6	1000	1	800	0
6	1000	1.5	800	0
6	1000	2	800	0
6	1000	-1.5	750	49840000
6	1000	-1	750	49840000
6	1000	-0.5	750	49840000
6	1000	0	750	0
6	1000	0.5	750	0
6	1000	1	750	0
6	1000	1.5	750	0
6	1000	2	750	0
6	1000	-1.5	500	49582000
6	1000	-1	500	49582000
6	1000	-0.5	500	49582000
6	1000	0	500	0
6	1000	0.5	500	0
6	1000	1	500	0
6	1000	1.5	500	0
6	1000	2	500	0
6	1000	-1.5	250	49894000
6	1000	-1	250	49894000
6	1000	-0.5	250	49894000
6	1000	0	250	0
6	1000	0.5	250	0
6	1000	1	250	0
6	1000	1.5	250	0
6	1000	2	250	0
6	1000	-1.5	200	50276000
6	1000	-1	200	50276000
6	1000	-0.5	200	50276000
6	1000	0	200	0
6	1000	0.5	200	0
6	1000	1	200	0
6	1000	1.5	200	0
6	1000	2	200	0
6	800	-1.5	640	50294000
6	800	-1	640	50294000
6	800	-0.5	640	50294000
6	800	0	640	0
6	800	0.5	640	0
6	800	1	640	0
6	800	1.5	640	0
6	800	2	640	0
6	800	-1.5	600	50248000
6	800	-1	600	50248000
6	800	-0.5	600	50248000
6	800	0	600	0
6	800	0.5	600	0
6	800	1	600	0
6	800	1.5	600	0
6	800	2	600	0
6	800	-1.5	400	49374000
6	800	-1	400	49374000
6	800	-0.5	400	49374000
6	800	0	400	0
6	800	0.5	400	0
6	800	1	400	0
6	800	1.5	400	0
6	800	2	400	0
6	800	-1.5	200	50052000
6	800	-1	200	50052000
6	800	-0.5	200	50052000
6	800	0	200	0
6	800	0.5	200	0
6	800	1	200	0
6	800	1.5	200	0
6	800	2	200	0
6	800	-1.5	160	49880000
6	800	-1	160	49880000
6	800	-0.5	160	49880000
6	800	0	160	0
6	800	0.5	160	0
6	800	1	160	0
6	800	1.5	160	0
6	800	2	160	0
6	600	-1.5	480	49486000
6	600	-1	480	49486000
6	600	-0.5	480	49486000
6	600	0	480	0
6	600	0.5	480	0
6	600	1	480	0
6	600	1.5	480	0
6	600	2	480	0
6	600	-1.5	450	49364000
6	600	-1	450	49364000
6	600	-0.5	450	49364000
6	600	0	450	0
6	600	0.5	450	0
6	600	1	450	0
6	600	1.5	450	0
6	600	2	450	0
6	600	-1.5	300	49210000
6	600	-1	300	49210000
6	600	-0.5	300	49210000
6	600	0	300	0
6	600	0.5	300	0
6	600	1	300	0
6	600	1.5	300	0
6	600	2	300	0
6	600	-1.5	150	48938000
6	600	-1	150	48938000
6	600	-0.5	150	48938000
6	600	0	150	0
6	600	0.5	150	0
6	600	1	150	0
6	600	1.5	150	0
6	600	2	150	0
6	600	-1.5	120	49950000
6	600	-1	120	49950000
6	600	-0.5	120	49950000
6	600	0	120	0
6	600	0.5	120	0
6	600	1	120	0
6	600	1.5	120	0
6	600	2	120	0
6	400	-1.5	320	49234000
6	400	-1	320	49234000
6	400	-0.5	320	49234000
6	400	0	320	0
6	400	0.5	320	0
6	400	1	320	0
6	400	1.5	320	0
6	400	2	320	0
6	400	-1.5	300	49210000
6	400	-1	300	49210000
6	400	-0.5	300	49210000
6	400	0	300	0
6	400	0.5	300	0
6	400	1	300	0
6	400	1.5	300	0
6	400	2	300	0
6	400	-1.5	200	50348000
6	400	-1	200	50348000
6	400	-0.5	200	50348000
6	400	0	200	0
6	400	0.5	200	0
6	400	1	200	0
6	400	1.5	200	0
6	400	2	200	0
6	400	-1.5	100	49632000
6	400	-1	100	49632000
6	400	-0.5	100	49632000
6	400	0	100	0
6	400	0.5	100	0
6	400	1	100	0
6	400	1.5	100	0
6	400	2	100	0
6	400	-1.5	80	49236000
6	400	-1	80	49236000
6	400	-0.5	80	49236000
6	400	0	80	0
6	400	0.5	80	0
6	400	1	80	0
6	400	1.5	80	0
6	400	2	80	0
6	200	-1.5	160	49606000
6	200	-1	160	49606000
6	200	-0.5	160	49606000
6	200	0	160	0
6	200	0.5	160	0
6	200	1	160	0
6	200	1.5	160	0
6	200	2	160	0
6	200	-1.5	150	48980000
6	200	-1	150	48980000
6	200	-0.5	150	48980000
6	200	0	150	0
6	200	0.5	150	0
6	200	1	150	0
6	200	1.5	150	0
6	200	2	150	0
6	200	-1.5	100	49560000
6	200	-1	100	49560000
6	200	-0.5	100	49560000
6	200	0	100	0
6	200	0.5	100	0
6	200	1	100	0
6	200	1.5	100	0
6	200	2	100	0
6	200	-1.5	50	47372000
6	200	-1	50	47372000
6	200	-0.5	50	47372000
6	200	0	50	0
6	200	0.5	50	0
6	200	1	50	0
6	200	1.5	50	0
6	200	2	50	0
6	200	-1.5	40	47078000
6	200	-1	40	47078000
6	200	-0.5	40	47078000
6	200	0	40	7476000
6	200	0.5	40	0
6	200	1	40	0
6	200	1.5	40	0
6	200	2	40	0
6	100	-1.5	80	49304000
6	100	-1	80	49304000
6	100	-0.5	80	49304000
6	100	0	80	0
6	100	0.5	80	0
6	100	1	80	0
6	100	1.5	80	0
6	100	2	80	0
6	100	-1.5	75	48762000
6	100	-1	75	48762000
6	100	-0.5	75	48762000
6	100	0	75	0
6	100	0.5	75	0
6	100	1	75	0
6	100	1.5	75	0
6	100	2	75	0
6	100	-1.5	50	47106000
6	100	-1	50	47106000
6	100	-0.5	50	47106000
6	100	0	50	15796000
6	100	0.5	50	0
6	100	1	50	0
6	100	1.5	50	0
6	100	2	50	0
6	100	-1.5	25	47126000
6	100	-1	25	47126000
6	100	-0.5	25	47126000
6	100	0	25	30790000
6	100	0.5	25	0
6	100	1	25	0
6	100	1.5	25	0
6	100	2	25	0
6	100	-1.5	20	47302000
6	100	-1	20	47302000
6	100	-0.5	20	47302000
6	100	0	20	31030000
6	100	0.5	20	0
6	100	1	20	0
6	100	1.5	20	0
6	100	2	20	0
6	50	-1.5	40	46858000
6	50	-1	40	46858000
6	50	-0.5	40	46858000
6	50	0	40	38122000
6	50	0.5	40	0
6	50	1	40	0
6	50	1.5	40	0
6	50	2	40	0
6	50	-1.5	37	46840000
6	50	-1	37	46840000
6	50	-0.5	37	46840000
6	50	0	37	38122000
6	50	0.5	37	0
6	50	1	37	0
6	50	1.5	37	0
6	50	2	37	0
6	50	-1.5	25	46802000
6	50	-1	25	46802000
6	50	-0.5	25	46802000
6	50	0	25	41934000
6	50	0.5	25	0
6	50	1	25	0
6	50	1.5	25	0
6	50	2	25	0
6	50	-1.5	12	47348000
6	50	-1	12	47348000
6	50	-0.5	12	47348000
6	50	0	12	40272000
6	50	0.5	12	0
6	50	1	12	0
6	50	1.5	12	0
6	50	2	12	0
6	50	-1.5	10	47562000
6	50	-1	10	47562000
6	50	-0.5	10	47562000
6	50	0	10	40162000
6	50	0.5	10	0
6	50	1	10	0
6	50	1.5	10	0
6	50	2	10	0
6	20	-1.5	16	47400000
6	20	-1	16	47400000
6	20	-0.5	16	47400000
6	20	0	16	43432000
6	20	0.5	16	0
6	20	1	16	0
6	20	1.5	16	0
6	20	2	16	0
6	20	-1.5	15	47412000
6	20	-1	15	47412000
6	20	-0.5	15	47412000
6	20	0	15	43304000
6	20	0.5	15	0
6	20	1	15	0
6	20	1.5	15	0
6	20	2	15	0
6	20	-1.5	10	47390000
6	20	-1	10	47390000
6	20	-0.5	10	47390000
6	20	0	10	44826000
6	20	0.5	10	0
6	20	1	10	0
6	20	1.5	10	0
6	20	2	10	0
6	20	-1.5	5	46938000
6	20	-1	5	46938000
6	20	-0.5	5	46938000
6	20	0	5	44838000
6	20	0.5	5	0
6	20	1	5	0
6	20	1.5	5	0
6	20	2	5	0
6	20	-1.5	4	47302000
6	20	-1	4	47302000
6	20	-0.5	4	47302000
6	20	0	4	44778000
6	20	0.5	4	0
6	20	1	4	0
6	20	1.5	4	0
6	20	2	4	0
6	10	-1.5	8	47944000
6	10	-1	8	47944000
6	10	-0.5	8	47944000
6	10	0	8	44828000
6	10	0.5	8	0
6	10	1	8	0
6	10	1.5	8	0
6	10	2	8	0
6	10	-1.5	7	47192000
6	10	-1	7	47192000
6	10	-0.5	7	47192000
6	10	0	7	44526000
6	10	0.5	7	0
6	10	1	7	0
6	10	1.5	7	0
6	10	2	7	0
6	10	-1.5	5	46696000
6	10	-1	5	46696000
6	10	-0.5	5	46696000
6	10	0	5	44778000
6	10	0.5	5	0
6	10	1	5	0
6	10	1.5	5	0
6	10	2	5	0
6	10	-1.5	2	45350000
6	10	-1	2	45350000
6	10	-0.5	2	45350000
6	10	0	2	44414000
6	10	0.5	2	0
6	10	1	2	0
6	10	1.5	2	0
6	10	2	2	0
8	1000	-1.5	800	49886000
8	1000	-1	800	49886000
8	1000	-0.5	800	49886000
8	1000	0	800	0
8	1000	0.5	800	0
8	1000	1	800	0
8	1000	1.5	800	0
8	1000	2	800	0
8	1000	-1.5	750	49908000
8	1000	-1	750	49908000
8	1000	-0.5	750	49908000
8	1000	0	750	0
8	1000	0.5	750	0
8	1000	1	750	0
8	1000	1.5	750	0
8	1000	2	750	0
8	1000	-1.5	500	48338000
8	1000	-1	500	48338000
8	1000	-0.5	500	48338000
8	1000	0	500	0
8	1000	0.5	500	0
8	1000	1	500	0
8	1000	1.5	500	0
8	1000	2	500	0
8	1000	-1.5	250	48354000
8	1000	-1	250	48354000
8	1000	-0.5	250	48354000
8	1000	0	250	0
8	1000	0.5	250	0
8	1000	1	250	0
8	1000	1.5	250	0
8	1000	2	250	0
8	1000	-1.5	200	48594000
8	1000	-1	200	48594000
8	1000	-0.5	200	48594000
8	1000	0	200	0
8	1000	0.5	200	0
8	1000	1	200	0
8	1000	1.5	200	0
8	1000	2	200	0
8	800	-1.5	640	49314000
8	800	-1	640	49314000
8	800	-0.5	640	49314000
8	800	0	640	0
8	800	0.5	640	0
8	800	1	640	0
8	800	1.5	640	0
8	800	2	640	0
8	800	-1.5	600	48966000
8	800	-1	600	48966000
8	800	-0.5	600	48966000
8	800	0	600	0
8	800	0.5	600	0
8	800	1	600	0
8	800	1.5	600	0
8	800	2	600	0
8	800	-1.5	400	48658000
8	800	-1	400	48658000
8	800	-0.5	400	48658000
8	800	0	400	0
8	800	0.5	400	0
8	800	1	400	0
8	800	1.5	400	0
8	800	2	400	0
8	800	-1.5	200	48356000
8	800	-1	200	48356000
8	800	-0.5	200	48356000
8	800	0	200	0
8	800	0.5	200	0
8	800	1	200	0
8	800	1.5	200	0
8	800	2	200	0
8	800	-1.5	160	49128000
8	800	-1	160	49128000
8	800	-0.5	160	49128000
8	800	0	160	0
8	800	0.5	160	0
8	800	1	160	0
8	800	1.5	160	0
8	800	2	160	0
8	600	-1.5	480	48516000
8	600	-1	480	48516000
8	600	-0.5	480	48516000
8	600	0	480	0
8	600	0.5	480	0
8	600	1	480	0
8	600	1.5	480	0
8	600	2	480	0
8	600	-1.5	450	48424000
8	600	-1	450	48424000
8	600	-0.5	450	48424000
8	600	0	450	0
8	600	0.5	450	0
8	600	1	450	0
8	600	1.5	450	0
8	600	2	450	0
8	600	-1.5	300	48354000
8	600	-1	300	48354000
8	600	-0.5	300	48354000
8	600	0	300	0
8	600	0.5	300	0
8	600	1	300	0
8	600	1.5	300	0
8	600	2	300	0
8	600	-1.5	150	48624000
8	600	-1	150	48624000
8	600	-0.5	150	48624000
8	600	0	150	0
8	600	0.5	150	0
8	600	1	150	0
8	600	1.5	150	0
8	600	2	150	0
8	600	-1.5	120	49236000
8	600	-1	120	49236000
8	600	-0.5	120	49236000
8	600	0	120	0
8	600	0.5	120	0
8	600	1	120	0
8	600	1.5	120	0
8	600	2	120	0
8	400	-1.5	320	48078000
8	400	-1	320	48078000
8	400	-0.5	320	48078000
8	400	0	320	0
8	400	0.5	320	0
8	400	1	320	0
8	400	1.5	320	0
8	400	2	320	0
8	400	-1.5	300	48354000
8	400	-1	300	48354000
8	400	-0.5	300	48354000
8	400	0	300	0
8	400	0.5	300	0
8	400	1	300	0
8	400	1.5	300	0
8	400	2	300	0
8	400	-1.5	200	48944000
8	400	-1	200	48944000
8	400	-0.5	200	48944000
8	400	0	200	0
8	400	0.5	200	0
8	400	1	200	0
8	400	1.5	200	0
8	400	2	200	0
8	400	-1.5	100	49608000
8	400	-1	100	49608000
8	400	-0.5	100	49608000
8	400	0	100	0
8	400	0.5	100	0
8	400	1	100	0
8	400	1.5	100	0
8	400	2	100	0
8	400	-1.5	80	48880000
8	400	-1	80	48880000
8	400	-0.5	80	48880000
8	400	0	80	0
8	400	0.5	80	0
8	400	1	80	0
8	400	1.5	80	0
8	400	2	80	0
8	200	-1.5	160	49050000
8	200	-1	160	49050000
8	200	-0.5	160	49050000
8	200	0	160	0
8	200	0.5	160	0
8	200	1	160	0
8	200	1.5	160	0
8	200	2	160	0
8	200	-1.5	150	48882000
8	200	-1	150	48882000
8	200	-0.5	150	48882000
8	200	0	150	0
8	200	0.5	150	0
8	200	1	150	0
8	200	1.5	150	0
8	200	2	150	0
8	200	-1.5	100	49254000
8	200	-1	100	49254000
8	200	-0.5	100	49254000
8	200	0	100	0
8	200	0.5	100	0
8	200	1	100	0
8	200	1.5	100	0
8	200	2	100	0
8	200	-1.5	50	47610000
8	200	-1	50	47610000
8	200	-0.5	50	47610000
8	200	0	50	0
8	200	0.5	50	0
8	200	1	50	0
8	200	1.5	50	0
8	200	2	50	0
8	200	-1.5	40	47968000
8	200	-1	40	47968000
8	200	-0.5	40	47968000
8	200	0	40	7476000
8	200	0.5	40	0
8	200	1	40	0
8	200	1.5	40	0
8	200	2	40	0
8	100	-1.5	80	49140000
8	100	-1	80	49140000
8	100	-0.5	80	49140000
8	100	0	80	0
8	100	0.5	80	0
8	100	1	80	0
8	100	1.5	80	0
8	100	2	80	0
8	100	-1.5	75	49280000
8	100	-1	75	49280000
8	100	-0.5	75	49280000
8	100	0	75	0
8	100	0.5	75	0
8	100	1	75	0
8	100	1.5	75	0
8	100	2	75	0
8	100	-1.5	50	46580000
8	100	-1	50	46580000
8	100	-0.5	50	46580000
8	100	0	50	15796000
8	100	0.5	50	0
8	100	1	50	0
8	100	1.5	50	0
8	100	2	50	0
8	100	-1.5	25	45218000
8	100	-1	25	45218000
8	100	-0.5	25	45218000
8	100	0	25	30790000
8	100	0.5	25	0
8	100	1	25	0
8	100	1.5	25	0
8	100	2	25	0
8	100	-1.5	20	45134000
8	100	-1	20	45134000
8	100	-0.5	20	45134000
8	100	0	20	38362000
8	100	0.5	20	0
8	100	1	20	0
8	100	1.5	20	0
8	100	2	20	0
8	50	-1.5	40	47266000
8	50	-1	40	47266000
8	50	-0.5	40	47266000
8	50	0	40	38122000
8	50	0.5	40	0
8	50	1	40	0
8	50	1.5	40	0
8	50	2	40	0
8	50	-1.5	37	46706000
8	50	-1	37	46706000
8	50	-0.5	37	46706000
8	50	0	37	38122000
8	50	0.5	37	0
8	50	1	37	0
8	50	1.5	37	0
8	50	2	37	0
8	50	-1.5	25	44450000
8	50	-1	25	44450000
8	50	-0.5	25	44450000
8	50	0	25	41934000
8	50	0.5	25	0
8	50	1	25	0
8	50	1.5	25	0
8	50	2	25	0
8	50	-1.5	12	46632000
8	50	-1	12	46632000
8	50	-0.5	12	46632000
8	50	0	12	40272000
8	50	0.5	12	0
8	50	1	12	0
8	50	1.5	12	0
8	50	2	12	0
8	50	-1.5	10	48230000
8	50	-1	10	48230000
8	50	-0.5	10	48230000
8	50	0	10	40162000
8	50	0.5	10	0
8	50	1	10	0
8	50	1.5	10	0
8	50	2	10	0
8	20	-1.5	16	45784000
8	20	-1	16	45784000
8	20	-0.5	16	45784000
8	20	0	16	44764000
8	20	0.5	16	0
8	20	1	16	0
8	20	1.5	16	0
8	20	2	16	0
8	20	-1.5	15	45868000
8	20	-1	15	45868000
8	20	-0.5	15	45868000
8	20	0	15	44636000
8	20	0.5	15	0
8	20	1	15	0
8	20	1.5	15	0
8	20	2	15	0
8	20	-1.5	10	46928000
8	20	-1	10	46928000
8	20	-0.5	10	46928000
8	20	0	10	44788000
8	20	0.5	10	0
8	20	1	10	0
8	20	1.5	10	0
8	20	2	10	0
8	20	-1.5	5	46298000
8	20	-1	5	46298000
8	20	-0.5	5	46298000
8	20	0	5	43826000
8	20	0.5	5	0
8	20	1	5	0
8	20	1.5	5	0
8	20	2	5	0
8	20	-1.5	4	46182000
8	20	-1	4	46182000
8	20	-0.5	4	46182000
8	20	0	4	43826000
8	20	0.5	4	0
8	20	1	4	0
8	20	1.5	4	0
8	20	2	4	0
8	10	-1.5	8	46708000
8	10	-1	8	46708000
8	10	-0.5	8	46708000
8	10	0	8	46554000
8	10	0.5	8	0
8	10	1	8	0
8	10	1.5	8	0
8	10	2	8	0
8	10	-1.5	7	45986000
8	10	-1	7	45986000
8	10	-0.5	7	45986000
8	10	0	7	46204000
8	10	0.5	7	0
8	10	1	7	0
8	10	1.5	7	0
8	10	2	7	0
8	10	-1.5	5	45498000
8	10	-1	5	45498000
8	10	-0.5	5	45498000
8	10	0	5	45580000
8	10	0.5	5	0
8	10	1	5	0
8	10	1.5	5	0
8	10	2	5	0
8	10	-1.5	2	45484000
8	10	-1	2	45484000
8	10	-0.5	2	45484000
8	10	0	2	43710000
8	10	0.5	2	0
8	10	1	2	0
8	10	1.5	2	0
8	10	2	2	0
10	1000	-1.5	800	49886000
10	1000	-1	800	49886000
10	1000	-0.5	800	49886000
10	1000	0	800	0
10	1000	0.5	800	0
10	1000	1	800	0
10	1000	1.5	800	0
10	1000	2	800	0
10	1000	-1.5	750	49908000
10	1000	-1	750	49908000
10	1000	-0.5	750	49908000
10	1000	0	750	0
10	1000	0.5	750	0
10	1000	1	750	0
10	1000	1.5	750	0
10	1000	2	750	0
10	1000	-1.5	500	47854000
10	1000	-1	500	47854000
10	1000	-0.5	500	47854000
10	1000	0	500	0
10	1000	0.5	500	0
10	1000	1	500	0
10	1000	1.5	500	0
10	1000	2	500	0
10	1000	-1.5	250	47362000
10	1000	-1	250	47362000
10	1000	-0.5	250	47362000
10	1000	0	250	0
10	1000	0.5	250	0
10	1000	1	250	0
10	1000	1.5	250	0
10	1000	2	250	0
10	1000	-1.5	200	47756000
10	1000	-1	200	47756000
10	1000	-0.5	200	47756000
10	1000	0	200	0
10	1000	0.5	200	0
10	1000	1	200	0
10	1000	1.5	200	0
10	1000	2	200	0
10	800	-1.5	640	49030000
10	800	-1	640	49030000
10	800	-0.5	640	49030000
10	800	0	640	0
10	800	0.5	640	0
10	800	1	640	0
10	800	1.5	640	0
10	800	2	640	0
10	800	-1.5	600	48732000
10	800	-1	600	48732000
10	800	-0.5	600	48732000
10	800	0	600	0
10	800	0.5	600	0
10	800	1	600	0
10	800	1.5	600	0
10	800	2	600	0
10	800	-1.5	400	48172000
10	800	-1	400	48172000
10	800	-0.5	400	48172000
10	800	0	400	0
10	800	0.5	400	0
10	800	1	400	0
10	800	1.5	400	0
10	800	2	400	0
10	800	-1.5	200	47352000
10	800	-1	200	47352000
10	800	-0.5	200	47352000
10	800	0	200	0
10	800	0.5	200	0
10	800	1	200	0
10	800	1.5	200	0
10	800	2	200	0
10	800	-1.5	160	47808000
10	800	-1	160	47808000
10	800	-0.5	160	47808000
10	800	0	160	0
10	800	0.5	160	0
10	800	1	160	0
10	800	1.5	160	0
10	800	2	160	0
10	600	-1.5	480	48032000
10	600	-1	480	48032000
10	600	-0.5	480	48032000
10	600	0	480	0
10	600	0.5	480	0
10	600	1	480	0
10	600	1.5	480	0
10	600	2	480	0
10	600	-1.5	450	47940000
10	600	-1	450	47940000
10	600	-0.5	450	47940000
10	600	0	450	0
10	600	0.5	450	0
10	600	1	450	0
10	600	1.5	450	0
10	600	2	450	0
10	600	-1.5	300	46926000
10	600	-1	300	46926000
10	600	-0.5	300	46926000
10	600	0	300	0
10	600	0.5	300	0
10	600	1	300	0
10	600	1.5	300	0
10	600	2	300	0
10	600	-1.5	150	47096000
10	600	-1	150	47096000
10	600	-0.5	150	47096000
10	600	0	150	0
10	600	0.5	150	0
10	600	1	150	0
10	600	1.5	150	0
10	600	2	150	0
10	600	-1.5	120	47242000
10	600	-1	120	47242000
10	600	-0.5	120	47242000
10	600	0	120	0
10	600	0.5	120	0
10	600	1	120	0
10	600	1.5	120	0
10	600	2	120	0
10	400	-1.5	320	46616000
10	400	-1	320	46616000
10	400	-0.5	320	46616000
10	400	0	320	0
10	400	0.5	320	0
10	400	1	320	0
10	400	1.5	320	0
10	400	2	320	0
10	400	-1.5	300	46926000
10	400	-1	300	46926000
10	400	-0.5	300	46926000
10	400	0	300	0
10	400	0.5	300	0
10	400	1	300	0
10	400	1.5	300	0
10	400	2	300	0
10	400	-1.5	200	47702000
10	400	-1	200	47702000
10	400	-0.5	200	47702000
10	400	0	200	0
10	400	0.5	200	0
10	400	1	200	0
10	400	1.5	200	0
10	400	2	200	0
10	400	-1.5	100	46114000
10	400	-1	100	46114000
10	400	-0.5	100	46114000
10	400	0	100	0
10	400	0.5	100	0
10	400	1	100	0
10	400	1.5	100	0
10	400	2	100	0
10	400	-1.5	80	46284000
10	400	-1	80	46284000
10	400	-0.5	80	46284000
10	400	0	80	0
10	400	0.5	80	0
10	400	1	80	0
10	400	1.5	80	0
10	400	2	80	0
10	200	-1.5	160	46378000
10	200	-1	160	46378000
10	200	-0.5	160	46378000
10	200	0	160	0
10	200	0.5	160	0
10	200	1	160	0
10	200	1.5	160	0
10	200	2	160	0
10	200	-1.5	150	45506000
10	200	-1	150	45506000
10	200	-0.5	150	45506000
10	200	0	150	0
10	200	0.5	150	0
10	200	1	150	0
10	200	1.5	150	0
10	200	2	150	0
10	200	-1.5	100	44560000
10	200	-1	100	44560000
10	200	-0.5	100	44560000
10	200	0	100	0
10	200	0.5	100	0
10	200	1	100	0
10	200	1.5	100	0
10	200	2	100	0
10	200	-1.5	50	48298000
10	200	-1	50	48298000
10	200	-0.5	50	48298000
10	200	0	50	0
10	200	0.5	50	0
10	200	1	50	0
10	200	1.5	50	0
10	200	2	50	0
10	200	-1.5	40	46456000
10	200	-1	40	46456000
10	200	-0.5	40	46456000
10	200	0	40	7476000
10	200	0.5	40	0
10	200	1	40	0
10	200	1.5	40	0
10	200	2	40	0
10	100	-1.5	80	47214000
10	100	-1	80	47214000
10	100	-0.5	80	47214000
10	100	0	80	0
10	100	0.5	80	0
10	100	1	80	0
10	100	1.5	80	0
10	100	2	80	0
10	100	-1.5	75	47142000
10	100	-1	75	47142000
10	100	-0.5	75	47142000
10	100	0	75	0
10	100	0.5	75	0
10	100	1	75	0
10	100	1.5	75	0
10	100	2	75	0
10	100	-1.5	50	46352000
10	100	-1	50	46352000
10	100	-0.5	50	46352000
10	100	0	50	15796000
10	100	0.5	50	0
10	100	1	50	0
10	100	1.5	50	0
10	100	2	50	0
10	100	-1.5	25	43046000
10	100	-1	25	43046000
10	100	-0.5	25	43046000
10	100	0	25	30790000
10	100	0.5	25	0
10	100	1	25	0
10	100	1.5	25	0
10	100	2	25	0
10	100	-1.5	20	43776000
10	100	-1	20	43776000
10	100	-0.5	20	43776000
10	100	0	20	38082000
10	100	0.5	20	0
10	100	1	20	0
10	100	1.5	20	0
10	100	2	20	0
10	50	-1.5	40	44424000
10	50	-1	40	44424000
10	50	-0.5	40	44424000
10	50	0	40	38122000
10	50	0.5	40	0
10	50	1	40	0
10	50	1.5	40	0
10	50	2	40	0
10	50	-1.5	37	44040000
10	50	-1	37	44040000
10	50	-0.5	37	44040000
10	50	0	37	38122000
10	50	0.5	37	0
10	50	1	37	0
10	50	1.5	37	0
10	50	2	37	0
10	50	-1.5	25	40712000
10	50	-1	25	40712000
10	50	-0.5	25	40712000
10	50	0	25	41934000
10	50	0.5	25	0
10	50	1	25	0
10	50	1.5	25	0
10	50	2	25	0
10	50	-1.5	12	45060000
10	50	-1	12	45060000
10	50	-0.5	12	45060000
10	50	0	12	40272000
10	50	0.5	12	0
10	50	1	12	0
10	50	1.5	12	0
10	50	2	12	0
10	50	-1.5	10	44630000
10	50	-1	10	44630000
10	50	-0.5	10	44630000
10	50	0	10	39962000
10	50	0.5	10	0
10	50	1	10	0
10	50	1.5	10	0
10	50	2	10	0
10	20	-1.5	16	42452000
10	20	-1	16	42452000
10	20	-0.5	16	42452000
10	20	0	16	44596000
10	20	0.5	16	0
10	20	1	16	0
10	20	1.5	16	0
10	20	2	16	0
10	20	-1.5	15	43502000
10	20	-1	15	43502000
10	20	-0.5	15	43502000
10	20	0	15	44468000
10	20	0.5	15	0
10	20	1	15	0
10	20	1.5	15	0
10	20	2	15	0
10	20	-1.5	10	42120000
10	20	-1	10	42120000
10	20	-0.5	10	42120000
10	20	0	10	44398000
10	20	0.5	10	0
10	20	1	10	0
10	20	1.5	10	0
10	20	2	10	0
10	20	-1.5	5	43436000
10	20	-1	5	43436000
10	20	-0.5	5	43436000
10	20	0	5	43474000
10	20	0.5	5	0
10	20	1	5	0
10	20	1.5	5	0
10	20	2	5	0
10	20	-1.5	4	42212000
10	20	-1	4	42212000
10	20	-0.5	4	42212000
10	20	0	4	44082000
10	20	0.5	4	0
10	20	1	4	0
10	20	1.5	4	0
10	20	2	4	0
10	10	-1.5	8	42754000
10	10	-1	8	42754000
10	10	-0.5	8	42754000
10	10	0	8	45430000
10	10	0.5	8	0
10	10	1	8	0
10	10	1.5	8	0
10	10	2	8	0
10	10	-1.5	7	43152000
10	10	-1	7	43152000
10	10	-0.5	7	43152000
10	10	0	7	45252000
10	10	0.5	7	0
10	10	1	7	0
10	10	1.5	7	0
10	10	2	7	0
10	10	-1.5	5	41364000
10	10	-1	5	41364000
10	10	-0.5	5	41364000
10	10	0	5	45920000
10	10	0.5	5	0
10	10	1	5	0
10	10	1.5	5	0
10	10	2	5	0
10	10	-1.5	2	41276000
10	10	-1	2	41276000
10	10	-0.5	2	41276000
10	10	0	2	43708000
10	10	0.5	2	0
10	10	1	2	0
10	10	1.5	2	0
10	10	2	2	0
12	1000	-1.5	800	49886000
12	1000	-1	800	49886000
12	1000	-0.5	800	49886000
12	1000	0	800	0
12	1000	0.5	800	0
12	1000	1	800	0
12	1000	1.5	800	0
12	1000	2	800	0
12	1000	-1.5	750	49908000
12	1000	-1	750	49908000
12	1000	-0.5	750	49908000
12	1000	0	750	0
12	1000	0.5	750	0
12	1000	1	750	0
12	1000	1.5	750	0
12	1000	2	750	0
12	1000	-1.5	500	47854000
12	1000	-1	500	47854000
12	1000	-0.5	500	47854000
12	1000	0	500	0
12	1000	0.5	500	0
12	1000	1	500	0
12	1000	1.5	500	0
12	1000	2	500	0
12	1000	-1.5	250	46924000
12	1000	-1	250	46924000
12	1000	-0.5	250	46924000
12	1000	0	250	0
12	1000	0.5	250	0
12	1000	1	250	0
12	1000	1.5	250	0
12	1000	2	250	0
12	1000	-1.5	200	47438000
12	1000	-1	200	47438000
12	1000	-0.5	200	47438000
12	1000	0	200	0
12	1000	0.5	200	0
12	1000	1	200	0
12	1000	1.5	200	0
12	1000	2	200	0
12	800	-1.5	640	49030000
12	800	-1	640	49030000
12	800	-0.5	640	49030000
12	800	0	640	0
12	800	0.5	640	0
12	800	1	640	0
12	800	1.5	640	0
12	800	2	640	0
12	800	-1.5	600	48752000
12	800	-1	600	48752000
12	800	-0.5	600	48752000
12	800	0	600	0
12	800	0.5	600	0
12	800	1	600	0
12	800	1.5	600	0
12	800	2	600	0
12	800	-1.5	400	47846000
12	800	-1	400	47846000
12	800	-0.5	400	47846000
12	800	0	400	0
12	800	0.5	400	0
12	800	1	400	0
12	800	1.5	400	0
12	800	2	400	0
12	800	-1.5	200	47034000
12	800	-1	200	47034000
12	800	-0.5	200	47034000
12	800	0	200	0
12	800	0.5	200	0
12	800	1	200	0
12	800	1.5	200	0
12	800	2	200	0
12	800	-1.5	160	47102000
12	800	-1	160	47102000
12	800	-0.5	160	47102000
12	800	0	160	0
12	800	0.5	160	0
12	800	1	160	0
12	800	1.5	160	0
12	800	2	160	0
12	600	-1.5	480	47708000
12	600	-1	480	47708000
12	600	-0.5	480	47708000
12	600	0	480	0
12	600	0.5	480	0
12	600	1	480	0
12	600	1.5	480	0
12	600	2	480	0
12	600	-1.5	450	47684000
12	600	-1	450	47684000
12	600	-0.5	450	47684000
12	600	0	450	0
12	600	0.5	450	0
12	600	1	450	0
12	600	1.5	450	0
12	600	2	450	0
12	600	-1.5	300	46352000
12	600	-1	300	46352000
12	600	-0.5	300	46352000
12	600	0	300	0
12	600	0.5	300	0
12	600	1	300	0
12	600	1.5	300	0
12	600	2	300	0
12	600	-1.5	150	46246000
12	600	-1	150	46246000
12	600	-0.5	150	46246000
12	600	0	150	0
12	600	0.5	150	0
12	600	1	150	0
12	600	1.5	150	0
12	600	2	150	0
12	600	-1.5	120	46706000
12	600	-1	120	46706000
12	600	-0.5	120	46706000
12	600	0	120	0
12	600	0.5	120	0
12	600	1	120	0
12	600	1.5	120	0
12	600	2	120	0
12	400	-1.5	320	46042000
12	400	-1	320	46042000
12	400	-0.5	320	46042000
12	400	0	320	0
12	400	0.5	320	0
12	400	1	320	0
12	400	1.5	320	0
12	400	2	320	0
12	400	-1.5	300	46352000
12	400	-1	300	46352000
12	400	-0.5	300	46352000
12	400	0	300	0
12	400	0.5	300	0
12	400	1	300	0
12	400	1.5	300	0
12	400	2	300	0
12	400	-1.5	200	46924000
12	400	-1	200	46924000
12	400	-0.5	200	46924000
12	400	0	200	0
12	400	0.5	200	0
12	400	1	200	0
12	400	1.5	200	0
12	400	2	200	0
12	400	-1.5	100	44556000
12	400	-1	100	44556000
12	400	-0.5	100	44556000
12	400	0	100	0
12	400	0.5	100	0
12	400	1	100	0
12	400	1.5	100	0
12	400	2	100	0
12	400	-1.5	80	44958000
12	400	-1	80	44958000
12	400	-0.5	80	44958000
12	400	0	80	0
12	400	0.5	80	0
12	400	1	80	0
12	400	1.5	80	0
12	400	2	80	0
12	200	-1.5	160	45526000
12	200	-1	160	45526000
12	200	-0.5	160	45526000
12	200	0	160	0
12	200	0.5	160	0
12	200	1	160	0
12	200	1.5	160	0
12	200	2	160	0
12	200	-1.5	150	44824000
12	200	-1	150	44824000
12	200	-0.5	150	44824000
12	200	0	150	0
12	200	0.5	150	0
12	200	1	150	0
12	200	1.5	150	0
12	200	2	150	0
12	200	-1.5	100	42272000
12	200	-1	100	42272000
12	200	-0.5	100	42272000
12	200	0	100	0
12	200	0.5	100	0
12	200	1	100	0
12	200	1.5	100	0
12	200	2	100	0
12	200	-1.5	50	44896000
12	200	-1	50	44896000
12	200	-0.5	50	44896000
12	200	0	50	0
12	200	0.5	50	0
12	200	1	50	0
12	200	1.5	50	0
12	200	2	50	0
12	200	-1.5	40	44152000
12	200	-1	40	44152000
12	200	-0.5	40	44152000
12	200	0	40	7476000
12	200	0.5	40	0
12	200	1	40	0
12	200	1.5	40	0
12	200	2	40	0
12	100	-1.5	80	45208000
12	100	-1	80	45208000
12	100	-0.5	80	45208000
12	100	0	80	0
12	100	0.5	80	0
12	100	1	80	0
12	100	1.5	80	0
12	100	2	80	0
12	100	-1.5	75	45618000
12	100	-1	75	45618000
12	100	-0.5	75	45618000
12	100	0	75	0
12	100	0.5	75	0
12	100	1	75	0
12	100	1.5	75	0
12	100	2	75	0
12	100	-1.5	50	44332000
12	100	-1	50	44332000
12	100	-0.5	50	44332000
12	100	0	50	15796000
12	100	0.5	50	0
12	100	1	50	0
12	100	1.5	50	0
12	100	2	50	0
12	100	-1.5	25	43294000
12	100	-1	25	43294000
12	100	-0.5	25	43294000
12	100	0	25	30456000
12	100	0.5	25	0
12	100	1	25	0
12	100	1.5	25	0
12	100	2	25	0
12	100	-1.5	20	43040000
12	100	-1	20	43040000
12	100	-0.5	20	43040000
12	100	0	20	38082000
12	100	0.5	20	0
12	100	1	20	0
12	100	1.5	20	0
12	100	2	20	0
12	50	-1.5	40	41760000
12	50	-1	40	41760000
12	50	-0.5	40	41760000
12	50	0	40	38122000
12	50	0.5	40	0
12	50	1	40	0
12	50	1.5	40	0
12	50	2	40	0
12	50	-1.5	37	41780000
12	50	-1	37	41780000
12	50	-0.5	37	41780000
12	50	0	37	38122000
12	50	0.5	37	0
12	50	1	37	0
12	50	1.5	37	0
12	50	2	37	0
12	50	-1.5	25	41190000
12	50	-1	25	41190000
12	50	-0.5	25	41190000
12	50	0	25	41600000
12	50	0.5	25	0
12	50	1	25	0
12	50	1.5	25	0
12	50	2	25	0
12	50	-1.5	12	41320000
12	50	-1	12	41320000
12	50	-0.5	12	41320000
12	50	0	12	40272000
12	50	0.5	12	0
12	50	1	12	0
12	50	1.5	12	0
12	50	2	12	0
12	50	-1.5	10	40652000
12	50	-1	10	40652000
12	50	-0.5	10	40652000
12	50	0	10	39498000
12	50	0.5	10	0
12	50	1	10	0
12	50	1.5	10	0
12	50	2	10	0
12	20	-1.5	16	40972000
12	20	-1	16	40972000
12	20	-0.5	16	40972000
12	20	0	16	44624000
12	20	0.5	16	0
12	20	1	16	0
12	20	1.5	16	0
12	20	2	16	0
12	20	-1.5	15	41456000
12	20	-1	15	41456000
12	20	-0.5	15	41456000
12	20	0	15	44496000
12	20	0.5	15	0
12	20	1	15	0
12	20	1.5	15	0
12	20	2	15	0
12	20	-1.5	10	37144000
12	20	-1	10	37144000
12	20	-0.5	10	37144000
12	20	0	10	43658000
12	20	0.5	10	0
12	20	1	10	0
12	20	1.5	10	0
12	20	2	10	0
12	20	-1.5	5	38466000
12	20	-1	5	38466000
12	20	-0.5	5	38466000
12	20	0	5	42522000
12	20	0.5	5	0
12	20	1	5	0
12	20	1.5	5	0
12	20	2	5	0
12	20	-1.5	4	37152000
12	20	-1	4	37152000
12	20	-0.5	4	37152000
12	20	0	4	43152000
12	20	0.5	4	0
12	20	1	4	0
12	20	1.5	4	0
12	20	2	4	0
12	10	-1.5	8	36176000
12	10	-1	8	36176000
12	10	-0.5	8	36176000
12	10	0	8	44438000
12	10	0.5	8	0
12	10	1	8	0
12	10	1.5	8	0
12	10	2	8	0
12	10	-1.5	7	36668000
12	10	-1	7	36668000
12	10	-0.5	7	36668000
12	10	0	7	44958000
12	10	0.5	7	0
12	10	1	7	0
12	10	1.5	7	0
12	10	2	7	0
12	10	-1.5	5	35670000
12	10	-1	5	35670000
12	10	-0.5	5	35670000
12	10	0	5	44426000
12	10	0.5	5	0
12	10	1	5	0
12	10	1.5	5	0
12	10	2	5	0
12	10	-1.5	2	37090000
12	10	-1	2	37090000
12	10	-0.5	2	37090000
12	10	0	2	41826000
12	10	0.5	2	0
12	10	1	2	0
12	10	1.5	2	0
12	10	2	2	0
14	1000	-1.5	800	49886000
14	1000	-1	800	49886000
14	1000	-0.5	800	49886000
14	1000	0	800	0
14	1000	0.5	800	0
14	1000	1	800	0
14	1000	1.5	800	0
14	1000	2	800	0
14	1000	-1.5	750	49908000
14	1000	-1	750	49908000
14	1000	-0.5	750	49908000
14	1000	0	750	0
14	1000	0.5	750	0
14	1000	1	750	0
14	1000	1.5	750	0
14	1000	2	750	0
14	1000	-1.5	500	47854000
14	1000	-1	500	47854000
14	1000	-0.5	500	47854000
14	1000	0	500	0
14	1000	0.5	500	0
14	1000	1	500	0
14	1000	1.5	500	0
14	1000	2	500	0
14	1000	-1.5	250	46924000
14	1000	-1	250	46924000
14	1000	-0.5	250	46924000
14	1000	0	250	0
14	1000	0.5	250	0
14	1000	1	250	0
14	1000	1.5	250	0
14	1000	2	250	0
14	1000	-1.5	200	47438000
14	1000	-1	200	47438000
14	1000	-0.5	200	47438000
14	1000	0	200	0
14	1000	0.5	200	0
14	1000	1	200	0
14	1000	1.5	200	0
14	1000	2	200	0
14	800	-1.5	640	49030000
14	800	-1	640	49030000
14	800	-0.5	640	49030000
14	800	0	640	0
14	800	0.5	640	0
14	800	1	640	0
14	800	1.5	640	0
14	800	2	640	0
14	800	-1.5	600	48752000
14	800	-1	600	48752000
14	800	-0.5	600	48752000
14	800	0	600	0
14	800	0.5	600	0
14	800	1	600	0
14	800	1.5	600	0
14	800	2	600	0
14	800	-1.5	400	47846000
14	800	-1	400	47846000
14	800	-0.5	400	47846000
14	800	0	400	0
14	800	0.5	400	0
14	800	1	400	0
14	800	1.5	400	0
14	800	2	400	0
14	800	-1.5	200	47034000
14	800	-1	200	47034000
14	800	-0.5	200	47034000
14	800	0	200	0
14	800	0.5	200	0
14	800	1	200	0
14	800	1.5	200	0
14	800	2	200	0
14	800	-1.5	160	47102000
14	800	-1	160	47102000
14	800	-0.5	160	47102000
14	800	0	160	0
14	800	0.5	160	0
14	800	1	160	0
14	800	1.5	160	0
14	800	2	160	0
14	600	-1.5	480	47708000
14	600	-1	480	47708000
14	600	-0.5	480	47708000
14	600	0	480	0
14	600	0.5	480	0
14	600	1	480	0
14	600	1.5	480	0
14	600	2	480	0
14	600	-1.5	450	47684000
14	600	-1	450	47684000
14	600	-0.5	450	47684000
14	600	0	450	0
14	600	0.5	450	0
14	600	1	450	0
14	600	1.5	450	0
14	600	2	450	0
14	600	-1.5	300	46352000
14	600	-1	300	46352000
14	600	-0.5	300	46352000
14	600	0	300	0
14	600	0.5	300	0
14	600	1	300	0
14	600	1.5	300	0
14	600	2	300	0
14	600	-1.5	150	45570000
14	600	-1	150	45570000
14	600	-0.5	150	45570000
14	600	0	150	0
14	600	0.5	150	0
14	600	1	150	0
14	600	1.5	150	0
14	600	2	150	0
14	600	-1.5	120	46042000
14	600	-1	120	46042000
14	600	-0.5	120	46042000
14	600	0	120	0
14	600	0.5	120	0
14	600	1	120	0
14	600	1.5	120	0
14	600	2	120	0
14	400	-1.5	320	46042000
14	400	-1	320	46042000
14	400	-0.5	320	46042000
14	400	0	320	0
14	400	0.5	320	0
14	400	1	320	0
14	400	1.5	320	0
14	400	2	320	0
14	400	-1.5	300	46352000
14	400	-1	300	46352000
14	400	-0.5	300	46352000
14	400	0	300	0
14	400	0.5	300	0
14	400	1	300	0
14	400	1.5	300	0
14	400	2	300	0
14	400	-1.5	200	46594000
14	400	-1	200	46594000
14	400	-0.5	200	46594000
14	400	0	200	0
14	400	0.5	200	0
14	400	1	200	0
14	400	1.5	200	0
14	400	2	200	0
14	400	-1.5	100	43410000
14	400	-1	100	43410000
14	400	-0.5	100	43410000
14	400	0	100	0
14	400	0.5	100	0
14	400	1	100	0
14	400	1.5	100	0
14	400	2	100	0
14	400	-1.5	80	44288000
14	400	-1	80	44288000
14	400	-0.5	80	44288000
14	400	0	80	0
14	400	0.5	80	0
14	400	1	80	0
14	400	1.5	80	0
14	400	2	80	0
14	200	-1.5	160	45040000
14	200	-1	160	45040000
14	200	-0.5	160	45040000
14	200	0	160	0
14	200	0.5	160	0
14	200	1	160	0
14	200	1.5	160	0
14	200	2	160	0
14	200	-1.5	150	43940000
14	200	-1	150	43940000
14	200	-0.5	150	43940000
14	200	0	150	0
14	200	0.5	150	0
14	200	1	150	0
14	200	1.5	150	0
14	200	2	150	0
14	200	-1.5	100	40890000
14	200	-1	100	40890000
14	200	-0.5	100	40890000
14	200	0	100	0
14	200	0.5	100	0
14	200	1	100	0
14	200	1.5	100	0
14	200	2	100	0
14	200	-1.5	50	44082000
14	200	-1	50	44082000
14	200	-0.5	50	44082000
14	200	0	50	0
14	200	0.5	50	0
14	200	1	50	0
14	200	1.5	50	0
14	200	2	50	0
14	200	-1.5	40	43182000
14	200	-1	40	43182000
14	200	-0.5	40	43182000
14	200	0	40	7476000
14	200	0.5	40	0
14	200	1	40	0
14	200	1.5	40	0
14	200	2	40	0
14	100	-1.5	80	43612000
14	100	-1	80	43612000
14	100	-0.5	80	43612000
14	100	0	80	0
14	100	0.5	80	0
14	100	1	80	0
14	100	1.5	80	0
14	100	2	80	0
14	100	-1.5	75	42660000
14	100	-1	75	42660000
14	100	-0.5	75	42660000
14	100	0	75	0
14	100	0.5	75	0
14	100	1	75	0
14	100	1.5	75	0
14	100	2	75	0
14	100	-1.5	50	41308000
14	100	-1	50	41308000
14	100	-0.5	50	41308000
14	100	0	50	15796000
14	100	0.5	50	0
14	100	1	50	0
14	100	1.5	50	0
14	100	2	50	0
14	100	-1.5	25	40290000
14	100	-1	25	40290000
14	100	-0.5	25	40290000
14	100	0	25	30456000
14	100	0.5	25	0
14	100	1	25	0
14	100	1.5	25	0
14	100	2	25	0
14	100	-1.5	20	39218000
14	100	-1	20	39218000
14	100	-0.5	20	39218000
14	100	0	20	38082000
14	100	0.5	20	0
14	100	1	20	0
14	100	1.5	20	0
14	100	2	20	0
14	50	-1.5	40	39638000
14	50	-1	40	39638000
14	50	-0.5	40	39638000
14	50	0	40	38122000
14	50	0.5	40	0
14	50	1	40	0
14	50	1.5	40	0
14	50	2	40	0
14	50	-1.5	37	37064000
14	50	-1	37	37064000
14	50	-0.5	37	37064000
14	50	0	37	38122000
14	50	0.5	37	0
14	50	1	37	0
14	50	1.5	37	0
14	50	2	37	0
14	50	-1.5	25	37396000
14	50	-1	25	37396000
14	50	-0.5	25	37396000
14	50	0	25	41600000
14	50	0.5	25	0
14	50	1	25	0
14	50	1.5	25	0
14	50	2	25	0
14	50	-1.5	12	38014000
14	50	-1	12	38014000
14	50	-0.5	12	38014000
14	50	0	12	40272000
14	50	0.5	12	0
14	50	1	12	0
14	50	1.5	12	0
14	50	2	12	0
14	50	-1.5	10	37924000
14	50	-1	10	37924000
14	50	-0.5	10	37924000
14	50	0	10	41318000
14	50	0.5	10	0
14	50	1	10	0
14	50	1.5	10	0
14	50	2	10	0
14	20	-1.5	16	36984000
14	20	-1	16	36984000
14	20	-0.5	16	36984000
14	20	0	16	44598000
14	20	0.5	16	0
14	20	1	16	0
14	20	1.5	16	0
14	20	2	16	0
14	20	-1.5	15	36570000
14	20	-1	15	36570000
14	20	-0.5	15	36570000
14	20	0	15	44470000
14	20	0.5	15	0
14	20	1	15	0
14	20	1.5	15	0
14	20	2	15	0
14	20	-1.5	10	32764000
14	20	-1	10	32764000
14	20	-0.5	10	32764000
14	20	0	10	42726000
14	20	0.5	10	0
14	20	1	10	0
14	20	1.5	10	0
14	20	2	10	0
14	20	-1.5	5	34378000
14	20	-1	5	34378000
14	20	-0.5	5	34378000
14	20	0	5	42752000
14	20	0.5	5	0
14	20	1	5	0
14	20	1.5	5	0
14	20	2	5	0
14	20	-1.5	4	32746000
14	20	-1	4	32746000
14	20	-0.5	4	32746000
14	20	0	4	43974000
14	20	0.5	4	0
14	20	1	4	0
14	20	1.5	4	0
14	20	2	4	0
14	10	-1.5	8	32922000
14	10	-1	8	32922000
14	10	-0.5	8	32922000
14	10	0	8	43358000
14	10	0.5	8	0
14	10	1	8	0
14	10	1.5	8	0
14	10	2	8	0
14	10	-1.5	7	32458000
14	10	-1	7	32458000
14	10	-0.5	7	32458000
14	10	0	7	43744000
14	10	0.5	7	0
14	10	1	7	0
14	10	1.5	7	0
14	10	2	7	0
14	10	-1.5	5	30812000
14	10	-1	5	30812000
14	10	-0.5	5	30812000
14	10	0	5	40790000
14	10	0.5	5	0
14	10	1	5	0
14	10	1.5	5	0
14	10	2	5	0
14	10	-1.5	2	32438000
14	10	-1	2	32438000
14	10	-0.5	2	32438000
14	10	0	2	38994000
14	10	0.5	2	0
14	10	1	2	0
14	10	1.5	2	0
14	10	2	2	0
