"","max_depth","min_split","cp","minbucket","ganancia_promedio"
"1",4,1000,-1.5,800,48308000
"2",4,1000,-1,800,48308000
"3",4,1000,-0.5,800,48308000
"4",4,1000,0,800,0
"5",4,1000,0.5,800,0
"6",4,1000,1,800,0
"7",4,1000,1.5,800,0
"8",4,1000,2,800,0
"9",4,1000,-1.5,750,48508000
"10",4,1000,-1,750,48508000
"11",4,1000,-0.5,750,48508000
"12",4,1000,0,750,0
"13",4,1000,0.5,750,0
"14",4,1000,1,750,0
"15",4,1000,1.5,750,0
"16",4,1000,2,750,0
"17",4,1000,-1.5,500,49052000
"18",4,1000,-1,500,49052000
"19",4,1000,-0.5,500,49052000
"20",4,1000,0,500,0
"21",4,1000,0.5,500,0
"22",4,1000,1,500,0
"23",4,1000,1.5,500,0
"24",4,1000,2,500,0
"25",4,1000,-1.5,250,46750000
"26",4,1000,-1,250,46750000
"27",4,1000,-0.5,250,46750000
"28",4,1000,0,250,0
"29",4,1000,0.5,250,0
"30",4,1000,1,250,0
"31",4,1000,1.5,250,0
"32",4,1000,2,250,0
"33",4,1000,-1.5,200,46558000
"34",4,1000,-1,200,46558000
"35",4,1000,-0.5,200,46558000
"36",4,1000,0,200,0
"37",4,1000,0.5,200,0
"38",4,1000,1,200,0
"39",4,1000,1.5,200,0
"40",4,1000,2,200,0
"41",4,800,-1.5,640,48652000
"42",4,800,-1,640,48652000
"43",4,800,-0.5,640,48652000
"44",4,800,0,640,0
"45",4,800,0.5,640,0
"46",4,800,1,640,0
"47",4,800,1.5,640,0
"48",4,800,2,640,0
"49",4,800,-1.5,600,48896000
"50",4,800,-1,600,48896000
"51",4,800,-0.5,600,48896000
"52",4,800,0,600,0
"53",4,800,0.5,600,0
"54",4,800,1,600,0
"55",4,800,1.5,600,0
"56",4,800,2,600,0
"57",4,800,-1.5,400,46712000
"58",4,800,-1,400,46712000
"59",4,800,-0.5,400,46712000
"60",4,800,0,400,0
"61",4,800,0.5,400,0
"62",4,800,1,400,0
"63",4,800,1.5,400,0
"64",4,800,2,400,0
"65",4,800,-1.5,200,46558000
"66",4,800,-1,200,46558000
"67",4,800,-0.5,200,46558000
"68",4,800,0,200,0
"69",4,800,0.5,200,0
"70",4,800,1,200,0
"71",4,800,1.5,200,0
"72",4,800,2,200,0
"73",4,800,-1.5,160,46942000
"74",4,800,-1,160,46942000
"75",4,800,-0.5,160,46942000
"76",4,800,0,160,0
"77",4,800,0.5,160,0
"78",4,800,1,160,0
"79",4,800,1.5,160,0
"80",4,800,2,160,0
"81",4,600,-1.5,480,49052000
"82",4,600,-1,480,49052000
"83",4,600,-0.5,480,49052000
"84",4,600,0,480,0
"85",4,600,0.5,480,0
"86",4,600,1,480,0
"87",4,600,1.5,480,0
"88",4,600,2,480,0
"89",4,600,-1.5,450,49052000
"90",4,600,-1,450,49052000
"91",4,600,-0.5,450,49052000
"92",4,600,0,450,0
"93",4,600,0.5,450,0
"94",4,600,1,450,0
"95",4,600,1.5,450,0
"96",4,600,2,450,0
"97",4,600,-1.5,300,46452000
"98",4,600,-1,300,46452000
"99",4,600,-0.5,300,46452000
"100",4,600,0,300,0
"101",4,600,0.5,300,0
"102",4,600,1,300,0
"103",4,600,1.5,300,0
"104",4,600,2,300,0
"105",4,600,-1.5,150,46736000
"106",4,600,-1,150,46736000
"107",4,600,-0.5,150,46736000
"108",4,600,0,150,0
"109",4,600,0.5,150,0
"110",4,600,1,150,0
"111",4,600,1.5,150,0
"112",4,600,2,150,0
"113",4,600,-1.5,120,48486000
"114",4,600,-1,120,48486000
"115",4,600,-0.5,120,48486000
"116",4,600,0,120,0
"117",4,600,0.5,120,0
"118",4,600,1,120,0
"119",4,600,1.5,120,0
"120",4,600,2,120,0
"121",4,400,-1.5,320,46438000
"122",4,400,-1,320,46438000
"123",4,400,-0.5,320,46438000
"124",4,400,0,320,0
"125",4,400,0.5,320,0
"126",4,400,1,320,0
"127",4,400,1.5,320,0
"128",4,400,2,320,0
"129",4,400,-1.5,300,46452000
"130",4,400,-1,300,46452000
"131",4,400,-0.5,300,46452000
"132",4,400,0,300,0
"133",4,400,0.5,300,0
"134",4,400,1,300,0
"135",4,400,1.5,300,0
"136",4,400,2,300,0
"137",4,400,-1.5,200,46264000
"138",4,400,-1,200,46264000
"139",4,400,-0.5,200,46264000
"140",4,400,0,200,0
"141",4,400,0.5,200,0
"142",4,400,1,200,0
"143",4,400,1.5,200,0
"144",4,400,2,200,0
"145",4,400,-1.5,100,47862000
"146",4,400,-1,100,47862000
"147",4,400,-0.5,100,47862000
"148",4,400,0,100,0
"149",4,400,0.5,100,0
"150",4,400,1,100,0
"151",4,400,1.5,100,0
"152",4,400,2,100,0
"153",4,400,-1.5,80,47270000
"154",4,400,-1,80,47270000
"155",4,400,-0.5,80,47270000
"156",4,400,0,80,0
"157",4,400,0.5,80,0
"158",4,400,1,80,0
"159",4,400,1.5,80,0
"160",4,400,2,80,0
"161",4,200,-1.5,160,46148000
"162",4,200,-1,160,46148000
"163",4,200,-0.5,160,46148000
"164",4,200,0,160,0
"165",4,200,0.5,160,0
"166",4,200,1,160,0
"167",4,200,1.5,160,0
"168",4,200,2,160,0
"169",4,200,-1.5,150,46736000
"170",4,200,-1,150,46736000
"171",4,200,-0.5,150,46736000
"172",4,200,0,150,0
"173",4,200,0.5,150,0
"174",4,200,1,150,0
"175",4,200,1.5,150,0
"176",4,200,2,150,0
"177",4,200,-1.5,100,47862000
"178",4,200,-1,100,47862000
"179",4,200,-0.5,100,47862000
"180",4,200,0,100,0
"181",4,200,0.5,100,0
"182",4,200,1,100,0
"183",4,200,1.5,100,0
"184",4,200,2,100,0
"185",4,200,-1.5,50,47362000
"186",4,200,-1,50,47362000
"187",4,200,-0.5,50,47362000
"188",4,200,0,50,0
"189",4,200,0.5,50,0
"190",4,200,1,50,0
"191",4,200,1.5,50,0
"192",4,200,2,50,0
"193",4,200,-1.5,40,47368000
"194",4,200,-1,40,47368000
"195",4,200,-0.5,40,47368000
"196",4,200,0,40,7476000
"197",4,200,0.5,40,0
"198",4,200,1,40,0
"199",4,200,1.5,40,0
"200",4,200,2,40,0
"201",4,100,-1.5,80,47270000
"202",4,100,-1,80,47270000
"203",4,100,-0.5,80,47270000
"204",4,100,0,80,0
"205",4,100,0.5,80,0
"206",4,100,1,80,0
"207",4,100,1.5,80,0
"208",4,100,2,80,0
"209",4,100,-1.5,75,47298000
"210",4,100,-1,75,47298000
"211",4,100,-0.5,75,47298000
"212",4,100,0,75,0
"213",4,100,0.5,75,0
"214",4,100,1,75,0
"215",4,100,1.5,75,0
"216",4,100,2,75,0
"217",4,100,-1.5,50,47362000
"218",4,100,-1,50,47362000
"219",4,100,-0.5,50,47362000
"220",4,100,0,50,0
"221",4,100,0.5,50,0
"222",4,100,1,50,0
"223",4,100,1.5,50,0
"224",4,100,2,50,0
"225",4,100,-1.5,25,47238000
"226",4,100,-1,25,47238000
"227",4,100,-0.5,25,47238000
"228",4,100,0,25,7476000
"229",4,100,0.5,25,0
"230",4,100,1,25,0
"231",4,100,1.5,25,0
"232",4,100,2,25,0
"233",4,100,-1.5,20,47254000
"234",4,100,-1,20,47254000
"235",4,100,-0.5,20,47254000
"236",4,100,0,20,15976000
"237",4,100,0.5,20,0
"238",4,100,1,20,0
"239",4,100,1.5,20,0
"240",4,100,2,20,0
"241",4,50,-1.5,40,47386000
"242",4,50,-1,40,47386000
"243",4,50,-0.5,40,47386000
"244",4,50,0,40,14808000
"245",4,50,0.5,40,0
"246",4,50,1,40,0
"247",4,50,1.5,40,0
"248",4,50,2,40,0
"249",4,50,-1.5,37,47392000
"250",4,50,-1,37,47392000
"251",4,50,-0.5,37,47392000
"252",4,50,0,37,14808000
"253",4,50,0.5,37,0
"254",4,50,1,37,0
"255",4,50,1.5,37,0
"256",4,50,2,37,0
"257",4,50,-1.5,25,47326000
"258",4,50,-1,25,47326000
"259",4,50,-0.5,25,47326000
"260",4,50,0,25,14808000
"261",4,50,0.5,25,0
"262",4,50,1,25,0
"263",4,50,1.5,25,0
"264",4,50,2,25,0
"265",4,50,-1.5,12,47228000
"266",4,50,-1,12,47228000
"267",4,50,-0.5,12,47228000
"268",4,50,0,12,30782000
"269",4,50,0.5,12,0
"270",4,50,1,12,0
"271",4,50,1.5,12,0
"272",4,50,2,12,0
"273",4,50,-1.5,10,46750000
"274",4,50,-1,10,46750000
"275",4,50,-0.5,10,46750000
"276",4,50,0,10,30672000
"277",4,50,0.5,10,0
"278",4,50,1,10,0
"279",4,50,1.5,10,0
"280",4,50,2,10,0
"281",4,20,-1.5,16,47228000
"282",4,20,-1,16,47228000
"283",4,20,-0.5,16,47228000
"284",4,20,0,16,30782000
"285",4,20,0.5,16,0
"286",4,20,1,16,0
"287",4,20,1.5,16,0
"288",4,20,2,16,0
"289",4,20,-1.5,15,47228000
"290",4,20,-1,15,47228000
"291",4,20,-0.5,15,47228000
"292",4,20,0,15,30782000
"293",4,20,0.5,15,0
"294",4,20,1,15,0
"295",4,20,1.5,15,0
"296",4,20,2,15,0
"297",4,20,-1.5,10,46750000
"298",4,20,-1,10,46750000
"299",4,20,-0.5,10,46750000
"300",4,20,0,10,30672000
"301",4,20,0.5,10,0
"302",4,20,1,10,0
"303",4,20,1.5,10,0
"304",4,20,2,10,0
"305",4,20,-1.5,5,46330000
"306",4,20,-1,5,46330000
"307",4,20,-0.5,5,46330000
"308",4,20,0,5,38410000
"309",4,20,0.5,5,0
"310",4,20,1,5,0
"311",4,20,1.5,5,0
"312",4,20,2,5,0
"313",4,20,-1.5,4,46330000
"314",4,20,-1,4,46330000
"315",4,20,-0.5,4,46330000
"316",4,20,0,4,38410000
"317",4,20,0.5,4,0
"318",4,20,1,4,0
"319",4,20,1.5,4,0
"320",4,20,2,4,0
"321",4,10,-1.5,8,46750000
"322",4,10,-1,8,46750000
"323",4,10,-0.5,8,46750000
"324",4,10,0,8,30672000
"325",4,10,0.5,8,0
"326",4,10,1,8,0
"327",4,10,1.5,8,0
"328",4,10,2,8,0
"329",4,10,-1.5,7,46528000
"330",4,10,-1,7,46528000
"331",4,10,-0.5,7,46528000
"332",4,10,0,7,30672000
"333",4,10,0.5,7,0
"334",4,10,1,7,0
"335",4,10,1.5,7,0
"336",4,10,2,7,0
"337",4,10,-1.5,5,46330000
"338",4,10,-1,5,46330000
"339",4,10,-0.5,5,46330000
"340",4,10,0,5,38410000
"341",4,10,0.5,5,0
"342",4,10,1,5,0
"343",4,10,1.5,5,0
"344",4,10,2,5,0
"345",4,10,-1.5,2,46330000
"346",4,10,-1,2,46330000
"347",4,10,-0.5,2,46330000
"348",4,10,0,2,38410000
"349",4,10,0.5,2,0
"350",4,10,1,2,0
"351",4,10,1.5,2,0
"352",4,10,2,2,0
"353",6,1000,-1.5,800,49760000
"354",6,1000,-1,800,49760000
"355",6,1000,-0.5,800,49760000
"356",6,1000,0,800,0
"357",6,1000,0.5,800,0
"358",6,1000,1,800,0
"359",6,1000,1.5,800,0
"360",6,1000,2,800,0
"361",6,1000,-1.5,750,49840000
"362",6,1000,-1,750,49840000
"363",6,1000,-0.5,750,49840000
"364",6,1000,0,750,0
"365",6,1000,0.5,750,0
"366",6,1000,1,750,0
"367",6,1000,1.5,750,0
"368",6,1000,2,750,0
"369",6,1000,-1.5,500,49582000
"370",6,1000,-1,500,49582000
"371",6,1000,-0.5,500,49582000
"372",6,1000,0,500,0
"373",6,1000,0.5,500,0
"374",6,1000,1,500,0
"375",6,1000,1.5,500,0
"376",6,1000,2,500,0
"377",6,1000,-1.5,250,49894000
"378",6,1000,-1,250,49894000
"379",6,1000,-0.5,250,49894000
"380",6,1000,0,250,0
"381",6,1000,0.5,250,0
"382",6,1000,1,250,0
"383",6,1000,1.5,250,0
"384",6,1000,2,250,0
"385",6,1000,-1.5,200,50276000
"386",6,1000,-1,200,50276000
"387",6,1000,-0.5,200,50276000
"388",6,1000,0,200,0
"389",6,1000,0.5,200,0
"390",6,1000,1,200,0
"391",6,1000,1.5,200,0
"392",6,1000,2,200,0
"393",6,800,-1.5,640,50294000
"394",6,800,-1,640,50294000
"395",6,800,-0.5,640,50294000
"396",6,800,0,640,0
"397",6,800,0.5,640,0
"398",6,800,1,640,0
"399",6,800,1.5,640,0
"400",6,800,2,640,0
"401",6,800,-1.5,600,50248000
"402",6,800,-1,600,50248000
"403",6,800,-0.5,600,50248000
"404",6,800,0,600,0
"405",6,800,0.5,600,0
"406",6,800,1,600,0
"407",6,800,1.5,600,0
"408",6,800,2,600,0
"409",6,800,-1.5,400,49374000
"410",6,800,-1,400,49374000
"411",6,800,-0.5,400,49374000
"412",6,800,0,400,0
"413",6,800,0.5,400,0
"414",6,800,1,400,0
"415",6,800,1.5,400,0
"416",6,800,2,400,0
"417",6,800,-1.5,200,50052000
"418",6,800,-1,200,50052000
"419",6,800,-0.5,200,50052000
"420",6,800,0,200,0
"421",6,800,0.5,200,0
"422",6,800,1,200,0
"423",6,800,1.5,200,0
"424",6,800,2,200,0
"425",6,800,-1.5,160,49880000
"426",6,800,-1,160,49880000
"427",6,800,-0.5,160,49880000
"428",6,800,0,160,0
"429",6,800,0.5,160,0
"430",6,800,1,160,0
"431",6,800,1.5,160,0
"432",6,800,2,160,0
"433",6,600,-1.5,480,49486000
"434",6,600,-1,480,49486000
"435",6,600,-0.5,480,49486000
"436",6,600,0,480,0
"437",6,600,0.5,480,0
"438",6,600,1,480,0
"439",6,600,1.5,480,0
"440",6,600,2,480,0
"441",6,600,-1.5,450,49364000
"442",6,600,-1,450,49364000
"443",6,600,-0.5,450,49364000
"444",6,600,0,450,0
"445",6,600,0.5,450,0
"446",6,600,1,450,0
"447",6,600,1.5,450,0
"448",6,600,2,450,0
"449",6,600,-1.5,300,49210000
"450",6,600,-1,300,49210000
"451",6,600,-0.5,300,49210000
"452",6,600,0,300,0
"453",6,600,0.5,300,0
"454",6,600,1,300,0
"455",6,600,1.5,300,0
"456",6,600,2,300,0
"457",6,600,-1.5,150,48938000
"458",6,600,-1,150,48938000
"459",6,600,-0.5,150,48938000
"460",6,600,0,150,0
"461",6,600,0.5,150,0
"462",6,600,1,150,0
"463",6,600,1.5,150,0
"464",6,600,2,150,0
"465",6,600,-1.5,120,49950000
"466",6,600,-1,120,49950000
"467",6,600,-0.5,120,49950000
"468",6,600,0,120,0
"469",6,600,0.5,120,0
"470",6,600,1,120,0
"471",6,600,1.5,120,0
"472",6,600,2,120,0
"473",6,400,-1.5,320,49234000
"474",6,400,-1,320,49234000
"475",6,400,-0.5,320,49234000
"476",6,400,0,320,0
"477",6,400,0.5,320,0
"478",6,400,1,320,0
"479",6,400,1.5,320,0
"480",6,400,2,320,0
"481",6,400,-1.5,300,49210000
"482",6,400,-1,300,49210000
"483",6,400,-0.5,300,49210000
"484",6,400,0,300,0
"485",6,400,0.5,300,0
"486",6,400,1,300,0
"487",6,400,1.5,300,0
"488",6,400,2,300,0
"489",6,400,-1.5,200,50348000
"490",6,400,-1,200,50348000
"491",6,400,-0.5,200,50348000
"492",6,400,0,200,0
"493",6,400,0.5,200,0
"494",6,400,1,200,0
"495",6,400,1.5,200,0
"496",6,400,2,200,0
"497",6,400,-1.5,100,49632000
"498",6,400,-1,100,49632000
"499",6,400,-0.5,100,49632000
"500",6,400,0,100,0
"501",6,400,0.5,100,0
"502",6,400,1,100,0
"503",6,400,1.5,100,0
"504",6,400,2,100,0
"505",6,400,-1.5,80,49236000
"506",6,400,-1,80,49236000
"507",6,400,-0.5,80,49236000
"508",6,400,0,80,0
"509",6,400,0.5,80,0
"510",6,400,1,80,0
"511",6,400,1.5,80,0
"512",6,400,2,80,0
"513",6,200,-1.5,160,49606000
"514",6,200,-1,160,49606000
"515",6,200,-0.5,160,49606000
"516",6,200,0,160,0
"517",6,200,0.5,160,0
"518",6,200,1,160,0
"519",6,200,1.5,160,0
"520",6,200,2,160,0
"521",6,200,-1.5,150,48980000
"522",6,200,-1,150,48980000
"523",6,200,-0.5,150,48980000
"524",6,200,0,150,0
"525",6,200,0.5,150,0
"526",6,200,1,150,0
"527",6,200,1.5,150,0
"528",6,200,2,150,0
"529",6,200,-1.5,100,49560000
"530",6,200,-1,100,49560000
"531",6,200,-0.5,100,49560000
"532",6,200,0,100,0
"533",6,200,0.5,100,0
"534",6,200,1,100,0
"535",6,200,1.5,100,0
"536",6,200,2,100,0
"537",6,200,-1.5,50,47372000
"538",6,200,-1,50,47372000
"539",6,200,-0.5,50,47372000
"540",6,200,0,50,0
"541",6,200,0.5,50,0
"542",6,200,1,50,0
"543",6,200,1.5,50,0
"544",6,200,2,50,0
"545",6,200,-1.5,40,47078000
"546",6,200,-1,40,47078000
"547",6,200,-0.5,40,47078000
"548",6,200,0,40,7476000
"549",6,200,0.5,40,0
"550",6,200,1,40,0
"551",6,200,1.5,40,0
"552",6,200,2,40,0
"553",6,100,-1.5,80,49304000
"554",6,100,-1,80,49304000
"555",6,100,-0.5,80,49304000
"556",6,100,0,80,0
"557",6,100,0.5,80,0
"558",6,100,1,80,0
"559",6,100,1.5,80,0
"560",6,100,2,80,0
"561",6,100,-1.5,75,48762000
"562",6,100,-1,75,48762000
"563",6,100,-0.5,75,48762000
"564",6,100,0,75,0
"565",6,100,0.5,75,0
"566",6,100,1,75,0
"567",6,100,1.5,75,0
"568",6,100,2,75,0
"569",6,100,-1.5,50,47106000
"570",6,100,-1,50,47106000
"571",6,100,-0.5,50,47106000
"572",6,100,0,50,15796000
"573",6,100,0.5,50,0
"574",6,100,1,50,0
"575",6,100,1.5,50,0
"576",6,100,2,50,0
"577",6,100,-1.5,25,47126000
"578",6,100,-1,25,47126000
"579",6,100,-0.5,25,47126000
"580",6,100,0,25,30790000
"581",6,100,0.5,25,0
"582",6,100,1,25,0
"583",6,100,1.5,25,0
"584",6,100,2,25,0
"585",6,100,-1.5,20,47302000
"586",6,100,-1,20,47302000
"587",6,100,-0.5,20,47302000
"588",6,100,0,20,31030000
"589",6,100,0.5,20,0
"590",6,100,1,20,0
"591",6,100,1.5,20,0
"592",6,100,2,20,0
"593",6,50,-1.5,40,46858000
"594",6,50,-1,40,46858000
"595",6,50,-0.5,40,46858000
"596",6,50,0,40,38122000
"597",6,50,0.5,40,0
"598",6,50,1,40,0
"599",6,50,1.5,40,0
"600",6,50,2,40,0
"601",6,50,-1.5,37,46840000
"602",6,50,-1,37,46840000
"603",6,50,-0.5,37,46840000
"604",6,50,0,37,38122000
"605",6,50,0.5,37,0
"606",6,50,1,37,0
"607",6,50,1.5,37,0
"608",6,50,2,37,0
"609",6,50,-1.5,25,46802000
"610",6,50,-1,25,46802000
"611",6,50,-0.5,25,46802000
"612",6,50,0,25,41934000
"613",6,50,0.5,25,0
"614",6,50,1,25,0
"615",6,50,1.5,25,0
"616",6,50,2,25,0
"617",6,50,-1.5,12,47348000
"618",6,50,-1,12,47348000
"619",6,50,-0.5,12,47348000
"620",6,50,0,12,40272000
"621",6,50,0.5,12,0
"622",6,50,1,12,0
"623",6,50,1.5,12,0
"624",6,50,2,12,0
"625",6,50,-1.5,10,47562000
"626",6,50,-1,10,47562000
"627",6,50,-0.5,10,47562000
"628",6,50,0,10,40162000
"629",6,50,0.5,10,0
"630",6,50,1,10,0
"631",6,50,1.5,10,0
"632",6,50,2,10,0
"633",6,20,-1.5,16,47400000
"634",6,20,-1,16,47400000
"635",6,20,-0.5,16,47400000
"636",6,20,0,16,43432000
"637",6,20,0.5,16,0
"638",6,20,1,16,0
"639",6,20,1.5,16,0
"640",6,20,2,16,0
"641",6,20,-1.5,15,47412000
"642",6,20,-1,15,47412000
"643",6,20,-0.5,15,47412000
"644",6,20,0,15,43304000
"645",6,20,0.5,15,0
"646",6,20,1,15,0
"647",6,20,1.5,15,0
"648",6,20,2,15,0
"649",6,20,-1.5,10,47390000
"650",6,20,-1,10,47390000
"651",6,20,-0.5,10,47390000
"652",6,20,0,10,44826000
"653",6,20,0.5,10,0
"654",6,20,1,10,0
"655",6,20,1.5,10,0
"656",6,20,2,10,0
"657",6,20,-1.5,5,46938000
"658",6,20,-1,5,46938000
"659",6,20,-0.5,5,46938000
"660",6,20,0,5,44838000
"661",6,20,0.5,5,0
"662",6,20,1,5,0
"663",6,20,1.5,5,0
"664",6,20,2,5,0
"665",6,20,-1.5,4,47302000
"666",6,20,-1,4,47302000
"667",6,20,-0.5,4,47302000
"668",6,20,0,4,44778000
"669",6,20,0.5,4,0
"670",6,20,1,4,0
"671",6,20,1.5,4,0
"672",6,20,2,4,0
"673",6,10,-1.5,8,47944000
"674",6,10,-1,8,47944000
"675",6,10,-0.5,8,47944000
"676",6,10,0,8,44828000
"677",6,10,0.5,8,0
"678",6,10,1,8,0
"679",6,10,1.5,8,0
"680",6,10,2,8,0
"681",6,10,-1.5,7,47192000
"682",6,10,-1,7,47192000
"683",6,10,-0.5,7,47192000
"684",6,10,0,7,44526000
"685",6,10,0.5,7,0
"686",6,10,1,7,0
"687",6,10,1.5,7,0
"688",6,10,2,7,0
"689",6,10,-1.5,5,46696000
"690",6,10,-1,5,46696000
"691",6,10,-0.5,5,46696000
"692",6,10,0,5,44778000
"693",6,10,0.5,5,0
"694",6,10,1,5,0
"695",6,10,1.5,5,0
"696",6,10,2,5,0
"697",6,10,-1.5,2,45350000
"698",6,10,-1,2,45350000
"699",6,10,-0.5,2,45350000
"700",6,10,0,2,44414000
"701",6,10,0.5,2,0
"702",6,10,1,2,0
"703",6,10,1.5,2,0
"704",6,10,2,2,0
"705",8,1000,-1.5,800,49886000
"706",8,1000,-1,800,49886000
"707",8,1000,-0.5,800,49886000
"708",8,1000,0,800,0
"709",8,1000,0.5,800,0
"710",8,1000,1,800,0
"711",8,1000,1.5,800,0
"712",8,1000,2,800,0
"713",8,1000,-1.5,750,49908000
"714",8,1000,-1,750,49908000
"715",8,1000,-0.5,750,49908000
"716",8,1000,0,750,0
"717",8,1000,0.5,750,0
"718",8,1000,1,750,0
"719",8,1000,1.5,750,0
"720",8,1000,2,750,0
"721",8,1000,-1.5,500,48338000
"722",8,1000,-1,500,48338000
"723",8,1000,-0.5,500,48338000
"724",8,1000,0,500,0
"725",8,1000,0.5,500,0
"726",8,1000,1,500,0
"727",8,1000,1.5,500,0
"728",8,1000,2,500,0
"729",8,1000,-1.5,250,48354000
"730",8,1000,-1,250,48354000
"731",8,1000,-0.5,250,48354000
"732",8,1000,0,250,0
"733",8,1000,0.5,250,0
"734",8,1000,1,250,0
"735",8,1000,1.5,250,0
"736",8,1000,2,250,0
"737",8,1000,-1.5,200,48594000
"738",8,1000,-1,200,48594000
"739",8,1000,-0.5,200,48594000
"740",8,1000,0,200,0
"741",8,1000,0.5,200,0
"742",8,1000,1,200,0
"743",8,1000,1.5,200,0
"744",8,1000,2,200,0
"745",8,800,-1.5,640,49314000
"746",8,800,-1,640,49314000
"747",8,800,-0.5,640,49314000
"748",8,800,0,640,0
"749",8,800,0.5,640,0
"750",8,800,1,640,0
"751",8,800,1.5,640,0
"752",8,800,2,640,0
"753",8,800,-1.5,600,48966000
"754",8,800,-1,600,48966000
"755",8,800,-0.5,600,48966000
"756",8,800,0,600,0
"757",8,800,0.5,600,0
"758",8,800,1,600,0
"759",8,800,1.5,600,0
"760",8,800,2,600,0
"761",8,800,-1.5,400,48658000
"762",8,800,-1,400,48658000
"763",8,800,-0.5,400,48658000
"764",8,800,0,400,0
"765",8,800,0.5,400,0
"766",8,800,1,400,0
"767",8,800,1.5,400,0
"768",8,800,2,400,0
"769",8,800,-1.5,200,48356000
"770",8,800,-1,200,48356000
"771",8,800,-0.5,200,48356000
"772",8,800,0,200,0
"773",8,800,0.5,200,0
"774",8,800,1,200,0
"775",8,800,1.5,200,0
"776",8,800,2,200,0
"777",8,800,-1.5,160,49128000
"778",8,800,-1,160,49128000
"779",8,800,-0.5,160,49128000
"780",8,800,0,160,0
"781",8,800,0.5,160,0
"782",8,800,1,160,0
"783",8,800,1.5,160,0
"784",8,800,2,160,0
"785",8,600,-1.5,480,48516000
"786",8,600,-1,480,48516000
"787",8,600,-0.5,480,48516000
"788",8,600,0,480,0
"789",8,600,0.5,480,0
"790",8,600,1,480,0
"791",8,600,1.5,480,0
"792",8,600,2,480,0
"793",8,600,-1.5,450,48424000
"794",8,600,-1,450,48424000
"795",8,600,-0.5,450,48424000
"796",8,600,0,450,0
"797",8,600,0.5,450,0
"798",8,600,1,450,0
"799",8,600,1.5,450,0
"800",8,600,2,450,0
"801",8,600,-1.5,300,48354000
"802",8,600,-1,300,48354000
"803",8,600,-0.5,300,48354000
"804",8,600,0,300,0
"805",8,600,0.5,300,0
"806",8,600,1,300,0
"807",8,600,1.5,300,0
"808",8,600,2,300,0
"809",8,600,-1.5,150,48624000
"810",8,600,-1,150,48624000
"811",8,600,-0.5,150,48624000
"812",8,600,0,150,0
"813",8,600,0.5,150,0
"814",8,600,1,150,0
"815",8,600,1.5,150,0
"816",8,600,2,150,0
"817",8,600,-1.5,120,49236000
"818",8,600,-1,120,49236000
"819",8,600,-0.5,120,49236000
"820",8,600,0,120,0
"821",8,600,0.5,120,0
"822",8,600,1,120,0
"823",8,600,1.5,120,0
"824",8,600,2,120,0
"825",8,400,-1.5,320,48078000
"826",8,400,-1,320,48078000
"827",8,400,-0.5,320,48078000
"828",8,400,0,320,0
"829",8,400,0.5,320,0
"830",8,400,1,320,0
"831",8,400,1.5,320,0
"832",8,400,2,320,0
"833",8,400,-1.5,300,48354000
"834",8,400,-1,300,48354000
"835",8,400,-0.5,300,48354000
"836",8,400,0,300,0
"837",8,400,0.5,300,0
"838",8,400,1,300,0
"839",8,400,1.5,300,0
"840",8,400,2,300,0
"841",8,400,-1.5,200,48944000
"842",8,400,-1,200,48944000
"843",8,400,-0.5,200,48944000
"844",8,400,0,200,0
"845",8,400,0.5,200,0
"846",8,400,1,200,0
"847",8,400,1.5,200,0
"848",8,400,2,200,0
"849",8,400,-1.5,100,49608000
"850",8,400,-1,100,49608000
"851",8,400,-0.5,100,49608000
"852",8,400,0,100,0
"853",8,400,0.5,100,0
"854",8,400,1,100,0
"855",8,400,1.5,100,0
"856",8,400,2,100,0
"857",8,400,-1.5,80,48880000
"858",8,400,-1,80,48880000
"859",8,400,-0.5,80,48880000
"860",8,400,0,80,0
"861",8,400,0.5,80,0
"862",8,400,1,80,0
"863",8,400,1.5,80,0
"864",8,400,2,80,0
"865",8,200,-1.5,160,49050000
"866",8,200,-1,160,49050000
"867",8,200,-0.5,160,49050000
"868",8,200,0,160,0
"869",8,200,0.5,160,0
"870",8,200,1,160,0
"871",8,200,1.5,160,0
"872",8,200,2,160,0
"873",8,200,-1.5,150,48882000
"874",8,200,-1,150,48882000
"875",8,200,-0.5,150,48882000
"876",8,200,0,150,0
"877",8,200,0.5,150,0
"878",8,200,1,150,0
"879",8,200,1.5,150,0
"880",8,200,2,150,0
"881",8,200,-1.5,100,49254000
"882",8,200,-1,100,49254000
"883",8,200,-0.5,100,49254000
"884",8,200,0,100,0
"885",8,200,0.5,100,0
"886",8,200,1,100,0
"887",8,200,1.5,100,0
"888",8,200,2,100,0
"889",8,200,-1.5,50,47610000
"890",8,200,-1,50,47610000
"891",8,200,-0.5,50,47610000
"892",8,200,0,50,0
"893",8,200,0.5,50,0
"894",8,200,1,50,0
"895",8,200,1.5,50,0
"896",8,200,2,50,0
"897",8,200,-1.5,40,47968000
"898",8,200,-1,40,47968000
"899",8,200,-0.5,40,47968000
"900",8,200,0,40,7476000
"901",8,200,0.5,40,0
"902",8,200,1,40,0
"903",8,200,1.5,40,0
"904",8,200,2,40,0
"905",8,100,-1.5,80,49140000
"906",8,100,-1,80,49140000
"907",8,100,-0.5,80,49140000
"908",8,100,0,80,0
"909",8,100,0.5,80,0
"910",8,100,1,80,0
"911",8,100,1.5,80,0
"912",8,100,2,80,0
"913",8,100,-1.5,75,49280000
"914",8,100,-1,75,49280000
"915",8,100,-0.5,75,49280000
"916",8,100,0,75,0
"917",8,100,0.5,75,0
"918",8,100,1,75,0
"919",8,100,1.5,75,0
"920",8,100,2,75,0
"921",8,100,-1.5,50,46580000
"922",8,100,-1,50,46580000
"923",8,100,-0.5,50,46580000
"924",8,100,0,50,15796000
"925",8,100,0.5,50,0
"926",8,100,1,50,0
"927",8,100,1.5,50,0
"928",8,100,2,50,0
"929",8,100,-1.5,25,45218000
"930",8,100,-1,25,45218000
"931",8,100,-0.5,25,45218000
"932",8,100,0,25,30790000
"933",8,100,0.5,25,0
"934",8,100,1,25,0
"935",8,100,1.5,25,0
"936",8,100,2,25,0
"937",8,100,-1.5,20,45134000
"938",8,100,-1,20,45134000
"939",8,100,-0.5,20,45134000
"940",8,100,0,20,38362000
"941",8,100,0.5,20,0
"942",8,100,1,20,0
"943",8,100,1.5,20,0
"944",8,100,2,20,0
"945",8,50,-1.5,40,47266000
"946",8,50,-1,40,47266000
"947",8,50,-0.5,40,47266000
"948",8,50,0,40,38122000
"949",8,50,0.5,40,0
"950",8,50,1,40,0
"951",8,50,1.5,40,0
"952",8,50,2,40,0
"953",8,50,-1.5,37,46706000
"954",8,50,-1,37,46706000
"955",8,50,-0.5,37,46706000
"956",8,50,0,37,38122000
"957",8,50,0.5,37,0
"958",8,50,1,37,0
"959",8,50,1.5,37,0
"960",8,50,2,37,0
"961",8,50,-1.5,25,44450000
"962",8,50,-1,25,44450000
"963",8,50,-0.5,25,44450000
"964",8,50,0,25,41934000
"965",8,50,0.5,25,0
"966",8,50,1,25,0
"967",8,50,1.5,25,0
"968",8,50,2,25,0
"969",8,50,-1.5,12,46632000
"970",8,50,-1,12,46632000
"971",8,50,-0.5,12,46632000
"972",8,50,0,12,40272000
"973",8,50,0.5,12,0
"974",8,50,1,12,0
"975",8,50,1.5,12,0
"976",8,50,2,12,0
"977",8,50,-1.5,10,48230000
"978",8,50,-1,10,48230000
"979",8,50,-0.5,10,48230000
"980",8,50,0,10,40162000
"981",8,50,0.5,10,0
"982",8,50,1,10,0
"983",8,50,1.5,10,0
"984",8,50,2,10,0
"985",8,20,-1.5,16,45784000
"986",8,20,-1,16,45784000
"987",8,20,-0.5,16,45784000
"988",8,20,0,16,44764000
"989",8,20,0.5,16,0
"990",8,20,1,16,0
"991",8,20,1.5,16,0
"992",8,20,2,16,0
"993",8,20,-1.5,15,45868000
"994",8,20,-1,15,45868000
"995",8,20,-0.5,15,45868000
"996",8,20,0,15,44636000
"997",8,20,0.5,15,0
"998",8,20,1,15,0
"999",8,20,1.5,15,0
"1000",8,20,2,15,0
"1001",8,20,-1.5,10,46928000
"1002",8,20,-1,10,46928000
"1003",8,20,-0.5,10,46928000
"1004",8,20,0,10,44788000
"1005",8,20,0.5,10,0
"1006",8,20,1,10,0
"1007",8,20,1.5,10,0
"1008",8,20,2,10,0
"1009",8,20,-1.5,5,46298000
"1010",8,20,-1,5,46298000
"1011",8,20,-0.5,5,46298000
"1012",8,20,0,5,43826000
"1013",8,20,0.5,5,0
"1014",8,20,1,5,0
"1015",8,20,1.5,5,0
"1016",8,20,2,5,0
"1017",8,20,-1.5,4,46182000
"1018",8,20,-1,4,46182000
"1019",8,20,-0.5,4,46182000
"1020",8,20,0,4,43826000
"1021",8,20,0.5,4,0
"1022",8,20,1,4,0
"1023",8,20,1.5,4,0
"1024",8,20,2,4,0
"1025",8,10,-1.5,8,46708000
"1026",8,10,-1,8,46708000
"1027",8,10,-0.5,8,46708000
"1028",8,10,0,8,46554000
"1029",8,10,0.5,8,0
"1030",8,10,1,8,0
"1031",8,10,1.5,8,0
"1032",8,10,2,8,0
"1033",8,10,-1.5,7,45986000
"1034",8,10,-1,7,45986000
"1035",8,10,-0.5,7,45986000
"1036",8,10,0,7,46204000
"1037",8,10,0.5,7,0
"1038",8,10,1,7,0
"1039",8,10,1.5,7,0
"1040",8,10,2,7,0
"1041",8,10,-1.5,5,45498000
"1042",8,10,-1,5,45498000
"1043",8,10,-0.5,5,45498000
"1044",8,10,0,5,45580000
"1045",8,10,0.5,5,0
"1046",8,10,1,5,0
"1047",8,10,1.5,5,0
"1048",8,10,2,5,0
"1049",8,10,-1.5,2,45484000
"1050",8,10,-1,2,45484000
"1051",8,10,-0.5,2,45484000
"1052",8,10,0,2,43710000
"1053",8,10,0.5,2,0
"1054",8,10,1,2,0
"1055",8,10,1.5,2,0
"1056",8,10,2,2,0
"1057",10,1000,-1.5,800,49886000
"1058",10,1000,-1,800,49886000
"1059",10,1000,-0.5,800,49886000
"1060",10,1000,0,800,0
"1061",10,1000,0.5,800,0
"1062",10,1000,1,800,0
"1063",10,1000,1.5,800,0
"1064",10,1000,2,800,0
"1065",10,1000,-1.5,750,49908000
"1066",10,1000,-1,750,49908000
"1067",10,1000,-0.5,750,49908000
"1068",10,1000,0,750,0
"1069",10,1000,0.5,750,0
"1070",10,1000,1,750,0
"1071",10,1000,1.5,750,0
"1072",10,1000,2,750,0
"1073",10,1000,-1.5,500,47854000
"1074",10,1000,-1,500,47854000
"1075",10,1000,-0.5,500,47854000
"1076",10,1000,0,500,0
"1077",10,1000,0.5,500,0
"1078",10,1000,1,500,0
"1079",10,1000,1.5,500,0
"1080",10,1000,2,500,0
"1081",10,1000,-1.5,250,47362000
"1082",10,1000,-1,250,47362000
"1083",10,1000,-0.5,250,47362000
"1084",10,1000,0,250,0
"1085",10,1000,0.5,250,0
"1086",10,1000,1,250,0
"1087",10,1000,1.5,250,0
"1088",10,1000,2,250,0
"1089",10,1000,-1.5,200,47756000
"1090",10,1000,-1,200,47756000
"1091",10,1000,-0.5,200,47756000
"1092",10,1000,0,200,0
"1093",10,1000,0.5,200,0
"1094",10,1000,1,200,0
"1095",10,1000,1.5,200,0
"1096",10,1000,2,200,0
"1097",10,800,-1.5,640,49030000
"1098",10,800,-1,640,49030000
"1099",10,800,-0.5,640,49030000
"1100",10,800,0,640,0
"1101",10,800,0.5,640,0
"1102",10,800,1,640,0
"1103",10,800,1.5,640,0
"1104",10,800,2,640,0
"1105",10,800,-1.5,600,48732000
"1106",10,800,-1,600,48732000
"1107",10,800,-0.5,600,48732000
"1108",10,800,0,600,0
"1109",10,800,0.5,600,0
"1110",10,800,1,600,0
"1111",10,800,1.5,600,0
"1112",10,800,2,600,0
"1113",10,800,-1.5,400,48172000
"1114",10,800,-1,400,48172000
"1115",10,800,-0.5,400,48172000
"1116",10,800,0,400,0
"1117",10,800,0.5,400,0
"1118",10,800,1,400,0
"1119",10,800,1.5,400,0
"1120",10,800,2,400,0
"1121",10,800,-1.5,200,47352000
"1122",10,800,-1,200,47352000
"1123",10,800,-0.5,200,47352000
"1124",10,800,0,200,0
"1125",10,800,0.5,200,0
"1126",10,800,1,200,0
"1127",10,800,1.5,200,0
"1128",10,800,2,200,0
"1129",10,800,-1.5,160,47808000
"1130",10,800,-1,160,47808000
"1131",10,800,-0.5,160,47808000
"1132",10,800,0,160,0
"1133",10,800,0.5,160,0
"1134",10,800,1,160,0
"1135",10,800,1.5,160,0
"1136",10,800,2,160,0
"1137",10,600,-1.5,480,48032000
"1138",10,600,-1,480,48032000
"1139",10,600,-0.5,480,48032000
"1140",10,600,0,480,0
"1141",10,600,0.5,480,0
"1142",10,600,1,480,0
"1143",10,600,1.5,480,0
"1144",10,600,2,480,0
"1145",10,600,-1.5,450,47940000
"1146",10,600,-1,450,47940000
"1147",10,600,-0.5,450,47940000
"1148",10,600,0,450,0
"1149",10,600,0.5,450,0
"1150",10,600,1,450,0
"1151",10,600,1.5,450,0
"1152",10,600,2,450,0
"1153",10,600,-1.5,300,46926000
"1154",10,600,-1,300,46926000
"1155",10,600,-0.5,300,46926000
"1156",10,600,0,300,0
"1157",10,600,0.5,300,0
"1158",10,600,1,300,0
"1159",10,600,1.5,300,0
"1160",10,600,2,300,0
"1161",10,600,-1.5,150,47096000
"1162",10,600,-1,150,47096000
"1163",10,600,-0.5,150,47096000
"1164",10,600,0,150,0
"1165",10,600,0.5,150,0
"1166",10,600,1,150,0
"1167",10,600,1.5,150,0
"1168",10,600,2,150,0
"1169",10,600,-1.5,120,47242000
"1170",10,600,-1,120,47242000
"1171",10,600,-0.5,120,47242000
"1172",10,600,0,120,0
"1173",10,600,0.5,120,0
"1174",10,600,1,120,0
"1175",10,600,1.5,120,0
"1176",10,600,2,120,0
"1177",10,400,-1.5,320,46616000
"1178",10,400,-1,320,46616000
"1179",10,400,-0.5,320,46616000
"1180",10,400,0,320,0
"1181",10,400,0.5,320,0
"1182",10,400,1,320,0
"1183",10,400,1.5,320,0
"1184",10,400,2,320,0
"1185",10,400,-1.5,300,46926000
"1186",10,400,-1,300,46926000
"1187",10,400,-0.5,300,46926000
"1188",10,400,0,300,0
"1189",10,400,0.5,300,0
"1190",10,400,1,300,0
"1191",10,400,1.5,300,0
"1192",10,400,2,300,0
"1193",10,400,-1.5,200,47702000
"1194",10,400,-1,200,47702000
"1195",10,400,-0.5,200,47702000
"1196",10,400,0,200,0
"1197",10,400,0.5,200,0
"1198",10,400,1,200,0
"1199",10,400,1.5,200,0
"1200",10,400,2,200,0
"1201",10,400,-1.5,100,46114000
"1202",10,400,-1,100,46114000
"1203",10,400,-0.5,100,46114000
"1204",10,400,0,100,0
"1205",10,400,0.5,100,0
"1206",10,400,1,100,0
"1207",10,400,1.5,100,0
"1208",10,400,2,100,0
"1209",10,400,-1.5,80,46284000
"1210",10,400,-1,80,46284000
"1211",10,400,-0.5,80,46284000
"1212",10,400,0,80,0
"1213",10,400,0.5,80,0
"1214",10,400,1,80,0
"1215",10,400,1.5,80,0
"1216",10,400,2,80,0
"1217",10,200,-1.5,160,46378000
"1218",10,200,-1,160,46378000
"1219",10,200,-0.5,160,46378000
"1220",10,200,0,160,0
"1221",10,200,0.5,160,0
"1222",10,200,1,160,0
"1223",10,200,1.5,160,0
"1224",10,200,2,160,0
"1225",10,200,-1.5,150,45506000
"1226",10,200,-1,150,45506000
"1227",10,200,-0.5,150,45506000
"1228",10,200,0,150,0
"1229",10,200,0.5,150,0
"1230",10,200,1,150,0
"1231",10,200,1.5,150,0
"1232",10,200,2,150,0
"1233",10,200,-1.5,100,44560000
"1234",10,200,-1,100,44560000
"1235",10,200,-0.5,100,44560000
"1236",10,200,0,100,0
"1237",10,200,0.5,100,0
"1238",10,200,1,100,0
"1239",10,200,1.5,100,0
"1240",10,200,2,100,0
"1241",10,200,-1.5,50,48298000
"1242",10,200,-1,50,48298000
"1243",10,200,-0.5,50,48298000
"1244",10,200,0,50,0
"1245",10,200,0.5,50,0
"1246",10,200,1,50,0
"1247",10,200,1.5,50,0
"1248",10,200,2,50,0
"1249",10,200,-1.5,40,46456000
"1250",10,200,-1,40,46456000
"1251",10,200,-0.5,40,46456000
"1252",10,200,0,40,7476000
"1253",10,200,0.5,40,0
"1254",10,200,1,40,0
"1255",10,200,1.5,40,0
"1256",10,200,2,40,0
"1257",10,100,-1.5,80,47214000
"1258",10,100,-1,80,47214000
"1259",10,100,-0.5,80,47214000
"1260",10,100,0,80,0
"1261",10,100,0.5,80,0
"1262",10,100,1,80,0
"1263",10,100,1.5,80,0
"1264",10,100,2,80,0
"1265",10,100,-1.5,75,47142000
"1266",10,100,-1,75,47142000
"1267",10,100,-0.5,75,47142000
"1268",10,100,0,75,0
"1269",10,100,0.5,75,0
"1270",10,100,1,75,0
"1271",10,100,1.5,75,0
"1272",10,100,2,75,0
"1273",10,100,-1.5,50,46352000
"1274",10,100,-1,50,46352000
"1275",10,100,-0.5,50,46352000
"1276",10,100,0,50,15796000
"1277",10,100,0.5,50,0
"1278",10,100,1,50,0
"1279",10,100,1.5,50,0
"1280",10,100,2,50,0
"1281",10,100,-1.5,25,43046000
"1282",10,100,-1,25,43046000
"1283",10,100,-0.5,25,43046000
"1284",10,100,0,25,30790000
"1285",10,100,0.5,25,0
"1286",10,100,1,25,0
"1287",10,100,1.5,25,0
"1288",10,100,2,25,0
"1289",10,100,-1.5,20,43776000
"1290",10,100,-1,20,43776000
"1291",10,100,-0.5,20,43776000
"1292",10,100,0,20,38082000
"1293",10,100,0.5,20,0
"1294",10,100,1,20,0
"1295",10,100,1.5,20,0
"1296",10,100,2,20,0
"1297",10,50,-1.5,40,44424000
"1298",10,50,-1,40,44424000
"1299",10,50,-0.5,40,44424000
"1300",10,50,0,40,38122000
"1301",10,50,0.5,40,0
"1302",10,50,1,40,0
"1303",10,50,1.5,40,0
"1304",10,50,2,40,0
"1305",10,50,-1.5,37,44040000
"1306",10,50,-1,37,44040000
"1307",10,50,-0.5,37,44040000
"1308",10,50,0,37,38122000
"1309",10,50,0.5,37,0
"1310",10,50,1,37,0
"1311",10,50,1.5,37,0
"1312",10,50,2,37,0
"1313",10,50,-1.5,25,40712000
"1314",10,50,-1,25,40712000
"1315",10,50,-0.5,25,40712000
"1316",10,50,0,25,41934000
"1317",10,50,0.5,25,0
"1318",10,50,1,25,0
"1319",10,50,1.5,25,0
"1320",10,50,2,25,0
"1321",10,50,-1.5,12,45060000
"1322",10,50,-1,12,45060000
"1323",10,50,-0.5,12,45060000
"1324",10,50,0,12,40272000
"1325",10,50,0.5,12,0
"1326",10,50,1,12,0
"1327",10,50,1.5,12,0
"1328",10,50,2,12,0
"1329",10,50,-1.5,10,44630000
"1330",10,50,-1,10,44630000
"1331",10,50,-0.5,10,44630000
"1332",10,50,0,10,39962000
"1333",10,50,0.5,10,0
"1334",10,50,1,10,0
"1335",10,50,1.5,10,0
"1336",10,50,2,10,0
"1337",10,20,-1.5,16,42452000
"1338",10,20,-1,16,42452000
"1339",10,20,-0.5,16,42452000
"1340",10,20,0,16,44596000
"1341",10,20,0.5,16,0
"1342",10,20,1,16,0
"1343",10,20,1.5,16,0
"1344",10,20,2,16,0
"1345",10,20,-1.5,15,43502000
"1346",10,20,-1,15,43502000
"1347",10,20,-0.5,15,43502000
"1348",10,20,0,15,44468000
"1349",10,20,0.5,15,0
"1350",10,20,1,15,0
"1351",10,20,1.5,15,0
"1352",10,20,2,15,0
"1353",10,20,-1.5,10,42120000
"1354",10,20,-1,10,42120000
"1355",10,20,-0.5,10,42120000
"1356",10,20,0,10,44398000
"1357",10,20,0.5,10,0
"1358",10,20,1,10,0
"1359",10,20,1.5,10,0
"1360",10,20,2,10,0
"1361",10,20,-1.5,5,43436000
"1362",10,20,-1,5,43436000
"1363",10,20,-0.5,5,43436000
"1364",10,20,0,5,43474000
"1365",10,20,0.5,5,0
"1366",10,20,1,5,0
"1367",10,20,1.5,5,0
"1368",10,20,2,5,0
"1369",10,20,-1.5,4,42212000
"1370",10,20,-1,4,42212000
"1371",10,20,-0.5,4,42212000
"1372",10,20,0,4,44082000
"1373",10,20,0.5,4,0
"1374",10,20,1,4,0
"1375",10,20,1.5,4,0
"1376",10,20,2,4,0
"1377",10,10,-1.5,8,42754000
"1378",10,10,-1,8,42754000
"1379",10,10,-0.5,8,42754000
"1380",10,10,0,8,45430000
"1381",10,10,0.5,8,0
"1382",10,10,1,8,0
"1383",10,10,1.5,8,0
"1384",10,10,2,8,0
"1385",10,10,-1.5,7,43152000
"1386",10,10,-1,7,43152000
"1387",10,10,-0.5,7,43152000
"1388",10,10,0,7,45252000
"1389",10,10,0.5,7,0
"1390",10,10,1,7,0
"1391",10,10,1.5,7,0
"1392",10,10,2,7,0
"1393",10,10,-1.5,5,41364000
"1394",10,10,-1,5,41364000
"1395",10,10,-0.5,5,41364000
"1396",10,10,0,5,45920000
"1397",10,10,0.5,5,0
"1398",10,10,1,5,0
"1399",10,10,1.5,5,0
"1400",10,10,2,5,0
"1401",10,10,-1.5,2,41276000
"1402",10,10,-1,2,41276000
"1403",10,10,-0.5,2,41276000
"1404",10,10,0,2,43708000
"1405",10,10,0.5,2,0
"1406",10,10,1,2,0
"1407",10,10,1.5,2,0
"1408",10,10,2,2,0
"1409",12,1000,-1.5,800,49886000
"1410",12,1000,-1,800,49886000
"1411",12,1000,-0.5,800,49886000
"1412",12,1000,0,800,0
"1413",12,1000,0.5,800,0
"1414",12,1000,1,800,0
"1415",12,1000,1.5,800,0
"1416",12,1000,2,800,0
"1417",12,1000,-1.5,750,49908000
"1418",12,1000,-1,750,49908000
"1419",12,1000,-0.5,750,49908000
"1420",12,1000,0,750,0
"1421",12,1000,0.5,750,0
"1422",12,1000,1,750,0
"1423",12,1000,1.5,750,0
"1424",12,1000,2,750,0
"1425",12,1000,-1.5,500,47854000
"1426",12,1000,-1,500,47854000
"1427",12,1000,-0.5,500,47854000
"1428",12,1000,0,500,0
"1429",12,1000,0.5,500,0
"1430",12,1000,1,500,0
"1431",12,1000,1.5,500,0
"1432",12,1000,2,500,0
"1433",12,1000,-1.5,250,46924000
"1434",12,1000,-1,250,46924000
"1435",12,1000,-0.5,250,46924000
"1436",12,1000,0,250,0
"1437",12,1000,0.5,250,0
"1438",12,1000,1,250,0
"1439",12,1000,1.5,250,0
"1440",12,1000,2,250,0
"1441",12,1000,-1.5,200,47438000
"1442",12,1000,-1,200,47438000
"1443",12,1000,-0.5,200,47438000
"1444",12,1000,0,200,0
"1445",12,1000,0.5,200,0
"1446",12,1000,1,200,0
"1447",12,1000,1.5,200,0
"1448",12,1000,2,200,0
"1449",12,800,-1.5,640,49030000
"1450",12,800,-1,640,49030000
"1451",12,800,-0.5,640,49030000
"1452",12,800,0,640,0
"1453",12,800,0.5,640,0
"1454",12,800,1,640,0
"1455",12,800,1.5,640,0
"1456",12,800,2,640,0
"1457",12,800,-1.5,600,48752000
"1458",12,800,-1,600,48752000
"1459",12,800,-0.5,600,48752000
"1460",12,800,0,600,0
"1461",12,800,0.5,600,0
"1462",12,800,1,600,0
"1463",12,800,1.5,600,0
"1464",12,800,2,600,0
"1465",12,800,-1.5,400,47846000
"1466",12,800,-1,400,47846000
"1467",12,800,-0.5,400,47846000
"1468",12,800,0,400,0
"1469",12,800,0.5,400,0
"1470",12,800,1,400,0
"1471",12,800,1.5,400,0
"1472",12,800,2,400,0
"1473",12,800,-1.5,200,47034000
"1474",12,800,-1,200,47034000
"1475",12,800,-0.5,200,47034000
"1476",12,800,0,200,0
"1477",12,800,0.5,200,0
"1478",12,800,1,200,0
"1479",12,800,1.5,200,0
"1480",12,800,2,200,0
"1481",12,800,-1.5,160,47102000
"1482",12,800,-1,160,47102000
"1483",12,800,-0.5,160,47102000
"1484",12,800,0,160,0
"1485",12,800,0.5,160,0
"1486",12,800,1,160,0
"1487",12,800,1.5,160,0
"1488",12,800,2,160,0
"1489",12,600,-1.5,480,47708000
"1490",12,600,-1,480,47708000
"1491",12,600,-0.5,480,47708000
"1492",12,600,0,480,0
"1493",12,600,0.5,480,0
"1494",12,600,1,480,0
"1495",12,600,1.5,480,0
"1496",12,600,2,480,0
"1497",12,600,-1.5,450,47684000
"1498",12,600,-1,450,47684000
"1499",12,600,-0.5,450,47684000
"1500",12,600,0,450,0
"1501",12,600,0.5,450,0
"1502",12,600,1,450,0
"1503",12,600,1.5,450,0
"1504",12,600,2,450,0
"1505",12,600,-1.5,300,46352000
"1506",12,600,-1,300,46352000
"1507",12,600,-0.5,300,46352000
"1508",12,600,0,300,0
"1509",12,600,0.5,300,0
"1510",12,600,1,300,0
"1511",12,600,1.5,300,0
"1512",12,600,2,300,0
"1513",12,600,-1.5,150,46246000
"1514",12,600,-1,150,46246000
"1515",12,600,-0.5,150,46246000
"1516",12,600,0,150,0
"1517",12,600,0.5,150,0
"1518",12,600,1,150,0
"1519",12,600,1.5,150,0
"1520",12,600,2,150,0
"1521",12,600,-1.5,120,46706000
"1522",12,600,-1,120,46706000
"1523",12,600,-0.5,120,46706000
"1524",12,600,0,120,0
"1525",12,600,0.5,120,0
"1526",12,600,1,120,0
"1527",12,600,1.5,120,0
"1528",12,600,2,120,0
"1529",12,400,-1.5,320,46042000
"1530",12,400,-1,320,46042000
"1531",12,400,-0.5,320,46042000
"1532",12,400,0,320,0
"1533",12,400,0.5,320,0
"1534",12,400,1,320,0
"1535",12,400,1.5,320,0
"1536",12,400,2,320,0
"1537",12,400,-1.5,300,46352000
"1538",12,400,-1,300,46352000
"1539",12,400,-0.5,300,46352000
"1540",12,400,0,300,0
"1541",12,400,0.5,300,0
"1542",12,400,1,300,0
"1543",12,400,1.5,300,0
"1544",12,400,2,300,0
"1545",12,400,-1.5,200,46924000
"1546",12,400,-1,200,46924000
"1547",12,400,-0.5,200,46924000
"1548",12,400,0,200,0
"1549",12,400,0.5,200,0
"1550",12,400,1,200,0
"1551",12,400,1.5,200,0
"1552",12,400,2,200,0
"1553",12,400,-1.5,100,44556000
"1554",12,400,-1,100,44556000
"1555",12,400,-0.5,100,44556000
"1556",12,400,0,100,0
"1557",12,400,0.5,100,0
"1558",12,400,1,100,0
"1559",12,400,1.5,100,0
"1560",12,400,2,100,0
"1561",12,400,-1.5,80,44958000
"1562",12,400,-1,80,44958000
"1563",12,400,-0.5,80,44958000
"1564",12,400,0,80,0
"1565",12,400,0.5,80,0
"1566",12,400,1,80,0
"1567",12,400,1.5,80,0
"1568",12,400,2,80,0
"1569",12,200,-1.5,160,45526000
"1570",12,200,-1,160,45526000
"1571",12,200,-0.5,160,45526000
"1572",12,200,0,160,0
"1573",12,200,0.5,160,0
"1574",12,200,1,160,0
"1575",12,200,1.5,160,0
"1576",12,200,2,160,0
"1577",12,200,-1.5,150,44824000
"1578",12,200,-1,150,44824000
"1579",12,200,-0.5,150,44824000
"1580",12,200,0,150,0
"1581",12,200,0.5,150,0
"1582",12,200,1,150,0
"1583",12,200,1.5,150,0
"1584",12,200,2,150,0
"1585",12,200,-1.5,100,42272000
"1586",12,200,-1,100,42272000
"1587",12,200,-0.5,100,42272000
"1588",12,200,0,100,0
"1589",12,200,0.5,100,0
"1590",12,200,1,100,0
"1591",12,200,1.5,100,0
"1592",12,200,2,100,0
"1593",12,200,-1.5,50,44896000
"1594",12,200,-1,50,44896000
"1595",12,200,-0.5,50,44896000
"1596",12,200,0,50,0
"1597",12,200,0.5,50,0
"1598",12,200,1,50,0
"1599",12,200,1.5,50,0
"1600",12,200,2,50,0
"1601",12,200,-1.5,40,44152000
"1602",12,200,-1,40,44152000
"1603",12,200,-0.5,40,44152000
"1604",12,200,0,40,7476000
"1605",12,200,0.5,40,0
"1606",12,200,1,40,0
"1607",12,200,1.5,40,0
"1608",12,200,2,40,0
"1609",12,100,-1.5,80,45208000
"1610",12,100,-1,80,45208000
"1611",12,100,-0.5,80,45208000
"1612",12,100,0,80,0
"1613",12,100,0.5,80,0
"1614",12,100,1,80,0
"1615",12,100,1.5,80,0
"1616",12,100,2,80,0
"1617",12,100,-1.5,75,45618000
"1618",12,100,-1,75,45618000
"1619",12,100,-0.5,75,45618000
"1620",12,100,0,75,0
"1621",12,100,0.5,75,0
"1622",12,100,1,75,0
"1623",12,100,1.5,75,0
"1624",12,100,2,75,0
"1625",12,100,-1.5,50,44332000
"1626",12,100,-1,50,44332000
"1627",12,100,-0.5,50,44332000
"1628",12,100,0,50,15796000
"1629",12,100,0.5,50,0
"1630",12,100,1,50,0
"1631",12,100,1.5,50,0
"1632",12,100,2,50,0
"1633",12,100,-1.5,25,43294000
"1634",12,100,-1,25,43294000
"1635",12,100,-0.5,25,43294000
"1636",12,100,0,25,30456000
"1637",12,100,0.5,25,0
"1638",12,100,1,25,0
"1639",12,100,1.5,25,0
"1640",12,100,2,25,0
"1641",12,100,-1.5,20,43040000
"1642",12,100,-1,20,43040000
"1643",12,100,-0.5,20,43040000
"1644",12,100,0,20,38082000
"1645",12,100,0.5,20,0
"1646",12,100,1,20,0
"1647",12,100,1.5,20,0
"1648",12,100,2,20,0
"1649",12,50,-1.5,40,41760000
"1650",12,50,-1,40,41760000
"1651",12,50,-0.5,40,41760000
"1652",12,50,0,40,38122000
"1653",12,50,0.5,40,0
"1654",12,50,1,40,0
"1655",12,50,1.5,40,0
"1656",12,50,2,40,0
"1657",12,50,-1.5,37,41780000
"1658",12,50,-1,37,41780000
"1659",12,50,-0.5,37,41780000
"1660",12,50,0,37,38122000
"1661",12,50,0.5,37,0
"1662",12,50,1,37,0
"1663",12,50,1.5,37,0
"1664",12,50,2,37,0
"1665",12,50,-1.5,25,41190000
"1666",12,50,-1,25,41190000
"1667",12,50,-0.5,25,41190000
"1668",12,50,0,25,41600000
"1669",12,50,0.5,25,0
"1670",12,50,1,25,0
"1671",12,50,1.5,25,0
"1672",12,50,2,25,0
"1673",12,50,-1.5,12,41320000
"1674",12,50,-1,12,41320000
"1675",12,50,-0.5,12,41320000
"1676",12,50,0,12,40272000
"1677",12,50,0.5,12,0
"1678",12,50,1,12,0
"1679",12,50,1.5,12,0
"1680",12,50,2,12,0
"1681",12,50,-1.5,10,40652000
"1682",12,50,-1,10,40652000
"1683",12,50,-0.5,10,40652000
"1684",12,50,0,10,39498000
"1685",12,50,0.5,10,0
"1686",12,50,1,10,0
"1687",12,50,1.5,10,0
"1688",12,50,2,10,0
"1689",12,20,-1.5,16,40972000
"1690",12,20,-1,16,40972000
"1691",12,20,-0.5,16,40972000
"1692",12,20,0,16,44624000
"1693",12,20,0.5,16,0
"1694",12,20,1,16,0
"1695",12,20,1.5,16,0
"1696",12,20,2,16,0
"1697",12,20,-1.5,15,41456000
"1698",12,20,-1,15,41456000
"1699",12,20,-0.5,15,41456000
"1700",12,20,0,15,44496000
"1701",12,20,0.5,15,0
"1702",12,20,1,15,0
"1703",12,20,1.5,15,0
"1704",12,20,2,15,0
"1705",12,20,-1.5,10,37144000
"1706",12,20,-1,10,37144000
"1707",12,20,-0.5,10,37144000
"1708",12,20,0,10,43658000
"1709",12,20,0.5,10,0
"1710",12,20,1,10,0
"1711",12,20,1.5,10,0
"1712",12,20,2,10,0
"1713",12,20,-1.5,5,38466000
"1714",12,20,-1,5,38466000
"1715",12,20,-0.5,5,38466000
"1716",12,20,0,5,42522000
"1717",12,20,0.5,5,0
"1718",12,20,1,5,0
"1719",12,20,1.5,5,0
"1720",12,20,2,5,0
"1721",12,20,-1.5,4,37152000
"1722",12,20,-1,4,37152000
"1723",12,20,-0.5,4,37152000
"1724",12,20,0,4,43152000
"1725",12,20,0.5,4,0
"1726",12,20,1,4,0
"1727",12,20,1.5,4,0
"1728",12,20,2,4,0
"1729",12,10,-1.5,8,36176000
"1730",12,10,-1,8,36176000
"1731",12,10,-0.5,8,36176000
"1732",12,10,0,8,44438000
"1733",12,10,0.5,8,0
"1734",12,10,1,8,0
"1735",12,10,1.5,8,0
"1736",12,10,2,8,0
"1737",12,10,-1.5,7,36668000
"1738",12,10,-1,7,36668000
"1739",12,10,-0.5,7,36668000
"1740",12,10,0,7,44958000
"1741",12,10,0.5,7,0
"1742",12,10,1,7,0
"1743",12,10,1.5,7,0
"1744",12,10,2,7,0
"1745",12,10,-1.5,5,35670000
"1746",12,10,-1,5,35670000
"1747",12,10,-0.5,5,35670000
"1748",12,10,0,5,44426000
"1749",12,10,0.5,5,0
"1750",12,10,1,5,0
"1751",12,10,1.5,5,0
"1752",12,10,2,5,0
"1753",12,10,-1.5,2,37090000
"1754",12,10,-1,2,37090000
"1755",12,10,-0.5,2,37090000
"1756",12,10,0,2,41826000
"1757",12,10,0.5,2,0
"1758",12,10,1,2,0
"1759",12,10,1.5,2,0
"1760",12,10,2,2,0
"1761",14,1000,-1.5,800,49886000
"1762",14,1000,-1,800,49886000
"1763",14,1000,-0.5,800,49886000
"1764",14,1000,0,800,0
"1765",14,1000,0.5,800,0
"1766",14,1000,1,800,0
"1767",14,1000,1.5,800,0
"1768",14,1000,2,800,0
"1769",14,1000,-1.5,750,49908000
"1770",14,1000,-1,750,49908000
"1771",14,1000,-0.5,750,49908000
"1772",14,1000,0,750,0
"1773",14,1000,0.5,750,0
"1774",14,1000,1,750,0
"1775",14,1000,1.5,750,0
"1776",14,1000,2,750,0
"1777",14,1000,-1.5,500,47854000
"1778",14,1000,-1,500,47854000
"1779",14,1000,-0.5,500,47854000
"1780",14,1000,0,500,0
"1781",14,1000,0.5,500,0
"1782",14,1000,1,500,0
"1783",14,1000,1.5,500,0
"1784",14,1000,2,500,0
"1785",14,1000,-1.5,250,46924000
"1786",14,1000,-1,250,46924000
"1787",14,1000,-0.5,250,46924000
"1788",14,1000,0,250,0
"1789",14,1000,0.5,250,0
"1790",14,1000,1,250,0
"1791",14,1000,1.5,250,0
"1792",14,1000,2,250,0
"1793",14,1000,-1.5,200,47438000
"1794",14,1000,-1,200,47438000
"1795",14,1000,-0.5,200,47438000
"1796",14,1000,0,200,0
"1797",14,1000,0.5,200,0
"1798",14,1000,1,200,0
"1799",14,1000,1.5,200,0
"1800",14,1000,2,200,0
"1801",14,800,-1.5,640,49030000
"1802",14,800,-1,640,49030000
"1803",14,800,-0.5,640,49030000
"1804",14,800,0,640,0
"1805",14,800,0.5,640,0
"1806",14,800,1,640,0
"1807",14,800,1.5,640,0
"1808",14,800,2,640,0
"1809",14,800,-1.5,600,48752000
"1810",14,800,-1,600,48752000
"1811",14,800,-0.5,600,48752000
"1812",14,800,0,600,0
"1813",14,800,0.5,600,0
"1814",14,800,1,600,0
"1815",14,800,1.5,600,0
"1816",14,800,2,600,0
"1817",14,800,-1.5,400,47846000
"1818",14,800,-1,400,47846000
"1819",14,800,-0.5,400,47846000
"1820",14,800,0,400,0
"1821",14,800,0.5,400,0
"1822",14,800,1,400,0
"1823",14,800,1.5,400,0
"1824",14,800,2,400,0
"1825",14,800,-1.5,200,47034000
"1826",14,800,-1,200,47034000
"1827",14,800,-0.5,200,47034000
"1828",14,800,0,200,0
"1829",14,800,0.5,200,0
"1830",14,800,1,200,0
"1831",14,800,1.5,200,0
"1832",14,800,2,200,0
"1833",14,800,-1.5,160,47102000
"1834",14,800,-1,160,47102000
"1835",14,800,-0.5,160,47102000
"1836",14,800,0,160,0
"1837",14,800,0.5,160,0
"1838",14,800,1,160,0
"1839",14,800,1.5,160,0
"1840",14,800,2,160,0
"1841",14,600,-1.5,480,47708000
"1842",14,600,-1,480,47708000
"1843",14,600,-0.5,480,47708000
"1844",14,600,0,480,0
"1845",14,600,0.5,480,0
"1846",14,600,1,480,0
"1847",14,600,1.5,480,0
"1848",14,600,2,480,0
"1849",14,600,-1.5,450,47684000
"1850",14,600,-1,450,47684000
"1851",14,600,-0.5,450,47684000
"1852",14,600,0,450,0
"1853",14,600,0.5,450,0
"1854",14,600,1,450,0
"1855",14,600,1.5,450,0
"1856",14,600,2,450,0
"1857",14,600,-1.5,300,46352000
"1858",14,600,-1,300,46352000
"1859",14,600,-0.5,300,46352000
"1860",14,600,0,300,0
"1861",14,600,0.5,300,0
"1862",14,600,1,300,0
"1863",14,600,1.5,300,0
"1864",14,600,2,300,0
"1865",14,600,-1.5,150,45570000
"1866",14,600,-1,150,45570000
"1867",14,600,-0.5,150,45570000
"1868",14,600,0,150,0
"1869",14,600,0.5,150,0
"1870",14,600,1,150,0
"1871",14,600,1.5,150,0
"1872",14,600,2,150,0
"1873",14,600,-1.5,120,46042000
"1874",14,600,-1,120,46042000
"1875",14,600,-0.5,120,46042000
"1876",14,600,0,120,0
"1877",14,600,0.5,120,0
"1878",14,600,1,120,0
"1879",14,600,1.5,120,0
"1880",14,600,2,120,0
"1881",14,400,-1.5,320,46042000
"1882",14,400,-1,320,46042000
"1883",14,400,-0.5,320,46042000
"1884",14,400,0,320,0
"1885",14,400,0.5,320,0
"1886",14,400,1,320,0
"1887",14,400,1.5,320,0
"1888",14,400,2,320,0
"1889",14,400,-1.5,300,46352000
"1890",14,400,-1,300,46352000
"1891",14,400,-0.5,300,46352000
"1892",14,400,0,300,0
"1893",14,400,0.5,300,0
"1894",14,400,1,300,0
"1895",14,400,1.5,300,0
"1896",14,400,2,300,0
"1897",14,400,-1.5,200,46594000
"1898",14,400,-1,200,46594000
"1899",14,400,-0.5,200,46594000
"1900",14,400,0,200,0
"1901",14,400,0.5,200,0
"1902",14,400,1,200,0
"1903",14,400,1.5,200,0
"1904",14,400,2,200,0
"1905",14,400,-1.5,100,43410000
"1906",14,400,-1,100,43410000
"1907",14,400,-0.5,100,43410000
"1908",14,400,0,100,0
"1909",14,400,0.5,100,0
"1910",14,400,1,100,0
"1911",14,400,1.5,100,0
"1912",14,400,2,100,0
"1913",14,400,-1.5,80,44288000
"1914",14,400,-1,80,44288000
"1915",14,400,-0.5,80,44288000
"1916",14,400,0,80,0
"1917",14,400,0.5,80,0
"1918",14,400,1,80,0
"1919",14,400,1.5,80,0
"1920",14,400,2,80,0
"1921",14,200,-1.5,160,45040000
"1922",14,200,-1,160,45040000
"1923",14,200,-0.5,160,45040000
"1924",14,200,0,160,0
"1925",14,200,0.5,160,0
"1926",14,200,1,160,0
"1927",14,200,1.5,160,0
"1928",14,200,2,160,0
"1929",14,200,-1.5,150,43940000
"1930",14,200,-1,150,43940000
"1931",14,200,-0.5,150,43940000
"1932",14,200,0,150,0
"1933",14,200,0.5,150,0
"1934",14,200,1,150,0
"1935",14,200,1.5,150,0
"1936",14,200,2,150,0
"1937",14,200,-1.5,100,40890000
"1938",14,200,-1,100,40890000
"1939",14,200,-0.5,100,40890000
"1940",14,200,0,100,0
"1941",14,200,0.5,100,0
"1942",14,200,1,100,0
"1943",14,200,1.5,100,0
"1944",14,200,2,100,0
"1945",14,200,-1.5,50,44082000
"1946",14,200,-1,50,44082000
"1947",14,200,-0.5,50,44082000
"1948",14,200,0,50,0
"1949",14,200,0.5,50,0
"1950",14,200,1,50,0
"1951",14,200,1.5,50,0
"1952",14,200,2,50,0
"1953",14,200,-1.5,40,43182000
"1954",14,200,-1,40,43182000
"1955",14,200,-0.5,40,43182000
"1956",14,200,0,40,7476000
"1957",14,200,0.5,40,0
"1958",14,200,1,40,0
"1959",14,200,1.5,40,0
"1960",14,200,2,40,0
"1961",14,100,-1.5,80,43612000
"1962",14,100,-1,80,43612000
"1963",14,100,-0.5,80,43612000
"1964",14,100,0,80,0
"1965",14,100,0.5,80,0
"1966",14,100,1,80,0
"1967",14,100,1.5,80,0
"1968",14,100,2,80,0
"1969",14,100,-1.5,75,42660000
"1970",14,100,-1,75,42660000
"1971",14,100,-0.5,75,42660000
"1972",14,100,0,75,0
"1973",14,100,0.5,75,0
"1974",14,100,1,75,0
"1975",14,100,1.5,75,0
"1976",14,100,2,75,0
"1977",14,100,-1.5,50,41308000
"1978",14,100,-1,50,41308000
"1979",14,100,-0.5,50,41308000
"1980",14,100,0,50,15796000
"1981",14,100,0.5,50,0
"1982",14,100,1,50,0
"1983",14,100,1.5,50,0
"1984",14,100,2,50,0
"1985",14,100,-1.5,25,40290000
"1986",14,100,-1,25,40290000
"1987",14,100,-0.5,25,40290000
"1988",14,100,0,25,30456000
"1989",14,100,0.5,25,0
"1990",14,100,1,25,0
"1991",14,100,1.5,25,0
"1992",14,100,2,25,0
"1993",14,100,-1.5,20,39218000
"1994",14,100,-1,20,39218000
"1995",14,100,-0.5,20,39218000
"1996",14,100,0,20,38082000
"1997",14,100,0.5,20,0
"1998",14,100,1,20,0
"1999",14,100,1.5,20,0
"2000",14,100,2,20,0
"2001",14,50,-1.5,40,39638000
"2002",14,50,-1,40,39638000
"2003",14,50,-0.5,40,39638000
"2004",14,50,0,40,38122000
"2005",14,50,0.5,40,0
"2006",14,50,1,40,0
"2007",14,50,1.5,40,0
"2008",14,50,2,40,0
"2009",14,50,-1.5,37,37064000
"2010",14,50,-1,37,37064000
"2011",14,50,-0.5,37,37064000
"2012",14,50,0,37,38122000
"2013",14,50,0.5,37,0
"2014",14,50,1,37,0
"2015",14,50,1.5,37,0
"2016",14,50,2,37,0
"2017",14,50,-1.5,25,37396000
"2018",14,50,-1,25,37396000
"2019",14,50,-0.5,25,37396000
"2020",14,50,0,25,41600000
"2021",14,50,0.5,25,0
"2022",14,50,1,25,0
"2023",14,50,1.5,25,0
"2024",14,50,2,25,0
"2025",14,50,-1.5,12,38014000
"2026",14,50,-1,12,38014000
"2027",14,50,-0.5,12,38014000
"2028",14,50,0,12,40272000
"2029",14,50,0.5,12,0
"2030",14,50,1,12,0
"2031",14,50,1.5,12,0
"2032",14,50,2,12,0
"2033",14,50,-1.5,10,37924000
"2034",14,50,-1,10,37924000
"2035",14,50,-0.5,10,37924000
"2036",14,50,0,10,41318000
"2037",14,50,0.5,10,0
"2038",14,50,1,10,0
"2039",14,50,1.5,10,0
"2040",14,50,2,10,0
"2041",14,20,-1.5,16,36984000
"2042",14,20,-1,16,36984000
"2043",14,20,-0.5,16,36984000
"2044",14,20,0,16,44598000
"2045",14,20,0.5,16,0
"2046",14,20,1,16,0
"2047",14,20,1.5,16,0
"2048",14,20,2,16,0
"2049",14,20,-1.5,15,36570000
"2050",14,20,-1,15,36570000
"2051",14,20,-0.5,15,36570000
"2052",14,20,0,15,44470000
"2053",14,20,0.5,15,0
"2054",14,20,1,15,0
"2055",14,20,1.5,15,0
"2056",14,20,2,15,0
"2057",14,20,-1.5,10,32764000
"2058",14,20,-1,10,32764000
"2059",14,20,-0.5,10,32764000
"2060",14,20,0,10,42726000
"2061",14,20,0.5,10,0
"2062",14,20,1,10,0
"2063",14,20,1.5,10,0
"2064",14,20,2,10,0
"2065",14,20,-1.5,5,34378000
"2066",14,20,-1,5,34378000
"2067",14,20,-0.5,5,34378000
"2068",14,20,0,5,42752000
"2069",14,20,0.5,5,0
"2070",14,20,1,5,0
"2071",14,20,1.5,5,0
"2072",14,20,2,5,0
"2073",14,20,-1.5,4,32746000
"2074",14,20,-1,4,32746000
"2075",14,20,-0.5,4,32746000
"2076",14,20,0,4,43974000
"2077",14,20,0.5,4,0
"2078",14,20,1,4,0
"2079",14,20,1.5,4,0
"2080",14,20,2,4,0
"2081",14,10,-1.5,8,32922000
"2082",14,10,-1,8,32922000
"2083",14,10,-0.5,8,32922000
"2084",14,10,0,8,43358000
"2085",14,10,0.5,8,0
"2086",14,10,1,8,0
"2087",14,10,1.5,8,0
"2088",14,10,2,8,0
"2089",14,10,-1.5,7,32458000
"2090",14,10,-1,7,32458000
"2091",14,10,-0.5,7,32458000
"2092",14,10,0,7,43744000
"2093",14,10,0.5,7,0
"2094",14,10,1,7,0
"2095",14,10,1.5,7,0
"2096",14,10,2,7,0
"2097",14,10,-1.5,5,30812000
"2098",14,10,-1,5,30812000
"2099",14,10,-0.5,5,30812000
"2100",14,10,0,5,40790000
"2101",14,10,0.5,5,0
"2102",14,10,1,5,0
"2103",14,10,1.5,5,0
"2104",14,10,2,5,0
"2105",14,10,-1.5,2,32438000
"2106",14,10,-1,2,32438000
"2107",14,10,-0.5,2,32438000
"2108",14,10,0,2,38994000
"2109",14,10,0.5,2,0
"2110",14,10,1,2,0
"2111",14,10,1.5,2,0
"2112",14,10,2,2,0
"2113",8,650,-0.5,325,48592000
"2114",6,450,-1,337,49170000
"2115",6,450,-1000,337,49170000
"2116",6,450,-1,225,50130000
"2117",6,450,-1000,225,50130000
"2118",6,450,-1,112,49686000
"2119",6,450,-1000,112,49686000
"2120",6,600,-1,450,49364000
"2121",6,600,-1000,450,49364000
"2122",6,600,-1,300,49210000
"2123",6,600,-1000,300,49210000
"2124",6,600,-1,150,48938000
"2125",6,600,-1000,150,48938000
"2126",6,750,-1,562,50146000
"2127",6,750,-1000,562,50146000
"2128",6,750,-1,375,49628000
"2129",6,750,-1000,375,49628000
"2130",6,750,-1,187,49872000
"2131",6,750,-1000,187,49872000
"2132",6,900,-1,675,49822000
"2133",6,900,-1000,675,49822000
"2134",6,900,-1,450,49364000
"2135",6,900,-1000,450,49364000
"2136",6,900,-1,225,50294000
"2137",6,900,-1000,225,50294000
"2138",6,450,-1,337,49170000
"2139",6,450,-1000,337,49170000
"2140",6,450,-1,225,50130000
"2141",6,450,-1000,225,50130000
"2142",6,450,-1,112,49686000
"2143",6,450,-1000,112,49686000
"2144",6,600,-1,450,49364000
"2145",6,600,-1000,450,49364000
"2146",6,600,-1,300,49210000
"2147",6,600,-1000,300,49210000
"2148",6,600,-1,150,48938000
"2149",6,600,-1000,150,48938000
"2150",6,750,-1,562,50146000
"2151",6,750,-1000,562,50146000
"2152",6,750,-1,375,49628000
"2153",6,750,-1000,375,49628000
"2154",6,750,-1,187,49872000
"2155",6,750,-1000,187,49872000
"2156",6,900,-1,675,49822000
"2157",6,900,-1000,675,49822000
"2158",6,900,-1,450,49364000
"2159",6,900,-1000,450,49364000
"2160",6,900,-1,225,50294000
"2161",6,900,-1000,225,50294000
"2162",6,350,-1,262,49416000
"2163",6,350,-1,175,50340000
"2164",6,350,-1,87,49328000
"2165",6,370,-1,277,49306000
"2166",6,370,-1,185,50320000
"2167",6,370,-1,92,49484000
"2168",6,390,-1,292,49370000
"2169",6,390,-1,195,50340000
"2170",6,390,-1,97,49836000
"2171",6,350,-1,35,47736000
"2172",6,350,-1,70,48676000
"2173",6,350,-1,105,49534000
"2174",6,350,-1,140,49326000
"2175",6,350,-1,175,50340000
"2176",6,350,-1,210,50194000
"2177",6,350,-1,245,49202000
"2178",6,350,-1,280,49200000
"2179",6,350,-1,315,49330000
"2180",6,370,-1,37,47508000
"2181",6,370,-1,74,48790000
"2182",6,370,-1,111,49686000
"2183",6,370,-1,148,49078000
"2184",6,370,-1,185,50320000
"2185",6,370,-1,222,50438000
"2186",6,370,-1,259,49420000
"2187",6,370,-1,296,49270000
"2188",6,370,-1,333,49258000
"2189",6,390,-1,39,47500000
"2190",6,390,-1,78,48692000
"2191",6,390,-1,117,49722000
"2192",6,390,-1,156,49236000
"2193",6,390,-1,195,50340000
"2194",6,390,-1,234,49810000
"2195",6,390,-1,273,49232000
"2196",6,390,-1,312,49330000
"2197",6,390,-1,351,49408000
